conbonuc:
 clibració2 madrina: epi 1 i algo ok
**** Calibrating ****
mono pinhole calibration...
mono pinhole calibration...
stereo pinhole calibration...

Left:
D = [-0.14203603829945627, 0.11949152196489526, -0.00013089517648068774, 4.477735660242112e-06, 0.0]
K = [1755.7975038418913, 0.0, 1055.8363786112652, 0.0, 1751.5960930880346, 770.0851932915186, 0.0, 0.0, 1.0]
R = [0.9998958550725794, 0.004431199794730446, 0.013734754349984134, -0.004398220740029307, 0.9999873742876759, -0.002430415512096061, -0.013745350595645179, 0.002369753915207644, 0.9999027200699996]
P = [1727.2415752867475, 0.0, 1004.8539428710938, 0.0, 0.0, 1727.2415752867475, 771.3767929077148, 0.0, 0.0, 0.0, 1.0, 0.0]

Right:
D = [-0.12711665980466128, 0.06054453039879373, -0.0008101787580500588, 0.0006269648841763549, 0.0]
K = [1753.5663204986695, 0.0, 1001.6009983342703, 0.0, 1748.448246663978, 773.831334736434, 0.0, 0.0, 1.0]
R = [0.9999720783375308, 0.003767416786896937, 0.006453612637351219, -0.0037828956636993026, 0.9999899936305376, 0.0023879571174726683, -0.006444551630388046, -0.0024123037850010734, 0.9999763239920894]
P = [1727.2415752867475, 0.0, 1004.8539428710938, -207.23062900613206, 0.0, 1727.2415752867475, 771.3767929077148, 0.0, 0.0, 0.0, 1.0, 0.0]
self.T = [-0.11997444118264308, -0.0004520063444788615, -0.0007742901892452896]
self.R = [0.9999731569497664, 0.000632956164862183, 0.007299640156270901, -0.0005979943389917666, 0.9999883456547046, -0.004790715764627158, -0.0073025873968213155, 0.004786222023713101, 0.9999618814215127]
None
# oST version 5.0 parameters


[image]

width
2048

height
1536

[narrow_stereo/left]

camera matrix
1755.797504 0.000000 1055.836379
0.000000 1751.596093 770.085193
0.000000 0.000000 1.000000

distortion
-0.142036 0.119492 -0.000131 0.000004 0.000000

rectification
0.999896 0.004431 0.013735
-0.004398 0.999987 -0.002430
-0.013745 0.002370 0.999903

projection
1727.241575 0.000000 1004.853943 0.000000
0.000000 1727.241575 771.376793 0.000000
0.000000 0.000000 1.000000 0.000000
# oST version 5.0 parameters


[image]

width
2048

height
1536

[narrow_stereo/right]

camera matrix
1753.566320 0.000000 1001.600998
0.000000 1748.448247 773.831335
0.000000 0.000000 1.000000

distortion
-0.127117 0.060545 -0.000810 0.000627 0.000000

rectification
0.999972 0.003767 0.006454
-0.003783 0.999990 0.002388
-0.006445 -0.002412 0.999976

projection
1727.241575 0.000000 1004.853943 -207.230629
0.000000 1727.241575 771.376793 0.000000
0.000000 0.000000 1.000000 0.000000

