**** Calibrating ****
mono pinhole calibration...
mono pinhole calibration...
stereo pinhole calibration...

Left:
D = [-0.012200981473680202, -0.012332850767870298, -0.0020514850466337884, 0.0035283693268491436, 0.0]
K = [1427.9649435036258, 0.0, 1062.191616739238, 0.0, 1425.4889212439352, 763.1576753299585, 0.0, 0.0, 1.0]
R = [0.9999711912736048, 0.0075830587547058605, -0.00033740594313256655, -0.007583329486553584, 0.9999709193132335, -0.0008084811346906088, 0.00033126537118959167, 0.0008110165038163081, 0.9999996162576686]
P = [1460.7108413574829, 0.0, 1041.408592224121, 0.0, 0.0, 1460.7108413574829, 760.6832275390625, 0.0, 0.0, 0.0, 1.0, 0.0]

Right:
D = [-0.013110142779066766, -0.007149416733316962, -0.0005398621065197689, -0.0013467277591331993, 0.0]
K = [1425.8547859797534, 0.0, 995.6117285267484, 0.0, 1424.054635789999, 764.5175059807552, 0.0, 0.0, 1.0]
R = [0.9999685203506263, -0.0015677560996468548, -0.00777820342953171, 0.0015740540716221558, 0.999998438257631, 0.000803639271303385, 0.00777693137161236, -0.0008158572857990526, 0.9999694263902925]
P = [1460.7108413574829, 0.0, 1041.408592224121, -175.8432610376455, 0.0, 1460.7108413574829, 760.6832275390625, 0.0, 0.0, 0.0, 1.0, 0.0]
self.T = [-0.12037818887551485, 0.00018872958101517174, 0.0009363555176955896]
self.R = [0.9999303521885223, 0.00916313555942479, 0.007438260472548646, -0.009151298843213085, 0.9999568075559407, -0.0016238078745477542, -0.007452818367576223, 0.0015556250354251148, 0.9999710173445674]
None
# oST version 5.0 parameters


[image]

width
2048

height
1536

[narrow_stereo/left]

camera matrix
1427.964944 0.000000 1062.191617
0.000000 1425.488921 763.157675
0.000000 0.000000 1.000000

distortion
-0.012201 -0.012333 -0.002051 0.003528 0.000000

rectification
0.999971 0.007583 -0.000337
-0.007583 0.999971 -0.000808
0.000331 0.000811 1.000000

projection
1460.710841 0.000000 1041.408592 0.000000
0.000000 1460.710841 760.683228 0.000000
0.000000 0.000000 1.000000 0.000000
# oST version 5.0 parameters


[image]

width
2048

height
1536

[narrow_stereo/right]

camera matrix
1425.854786 0.000000 995.611729
0.000000 1424.054636 764.517506
0.000000 0.000000 1.000000

distortion
-0.013110 -0.007149 -0.000540 -0.001347 0.000000

rectification
0.999969 -0.001568 -0.007778
0.001574 0.999998 0.000804
0.007777 -0.000816 0.999969

projection
1460.710841 0.000000 1041.408592 -175.843261
0.000000 1460.710841 760.683228 0.000000
0.000000 0.000000 1.000000 0.000000

