0 0.508789 0.433594 0.507812 0.434896 0.501953 0.434896 0.5 0.4375 0.499023 0.4375 0.498047 0.438802 0.494141 0.438802 0.494141 0.440104 0.493164 0.441406 0.492188 0.441406 0.491211 0.442708 0.490234 0.442708 0.489258 0.44401 0.488281 0.44401 0.486328 0.446615 0.485352 0.446615 0.485352 0.454427 0.486328 0.454427 0.487305 0.455729 0.489258 0.455729 0.490234 0.457031 0.491211 0.457031 0.492188 0.458333 0.492188 0.459635 0.491211 0.460938 0.491211 0.464844 0.492188 0.466146 0.492188 0.467448 0.493164 0.467448 0.494141 0.46875 0.495117 0.46875 0.496094 0.470052 0.500977 0.470052 0.501953 0.471354 0.504883 0.471354 0.505859 0.472656 0.507812 0.472656 0.508789 0.471354 0.509766 0.471354 0.512695 0.467448 0.513672 0.467448 0.514648 0.466146 0.515625 0.466146 0.516602 0.464844 0.518555 0.464844 0.520508 0.46224 0.521484 0.46224 0.522461 0.460938 0.523438 0.460938 0.525391 0.458333 0.526367 0.458333 0.527344 0.457031 0.52832 0.457031 0.529297 0.455729 0.530273 0.455729 0.53125 0.454427 0.532227 0.454427 0.533203 0.453125 0.541016 0.453125 0.541992 0.451823 0.543945 0.451823 0.543945 0.446615 0.542969 0.445312 0.542969 0.441406 0.541992 0.440104 0.541992 0.438802 0.541016 0.4375 0.538086 0.4375 0.537109 0.438802 0.536133 0.438802 0.535156 0.440104 0.53125 0.440104 0.530273 0.438802 0.530273 0.433594
0 0.59668 0.144531 0.59668 0.147135 0.595703 0.148438 0.595703 0.14974 0.592773 0.153646 0.592773 0.154948 0.591797 0.15625 0.591797 0.165365 0.59082 0.166667 0.59082 0.170573 0.589844 0.171875 0.589844 0.174479 0.588867 0.175781 0.588867 0.177083 0.586914 0.179688 0.586914 0.182292 0.584961 0.184896 0.584961 0.186198 0.583984 0.1875 0.583984 0.188802 0.583008 0.190104 0.583008 0.208333 0.583984 0.208333 0.585938 0.205729 0.585938 0.204427 0.586914 0.203125 0.586914 0.200521 0.587891 0.199219 0.587891 0.197917 0.588867 0.196615 0.589844 0.196615 0.591797 0.19401 0.592773 0.19401 0.594727 0.191406 0.594727 0.188802 0.595703 0.1875 0.595703 0.186198 0.59668 0.184896 0.59668 0.183594 0.597656 0.182292 0.597656 0.18099 0.599609 0.178385 0.599609 0.177083 0.600586 0.175781 0.600586 0.173177 0.601562 0.171875 0.601562 0.167969 0.602539 0.166667 0.602539 0.145833 0.601562 0.144531
0 0.640625 0.158854 0.635742 0.165365 0.634766 0.165365 0.631836 0.169271 0.631836 0.170573 0.630859 0.171875 0.630859 0.173177 0.629883 0.174479 0.629883 0.175781 0.628906 0.177083 0.628906 0.178385 0.62793 0.179688 0.62793 0.18099 0.625977 0.183594 0.625977 0.184896 0.617188 0.196615 0.616211 0.196615 0.613281 0.200521 0.612305 0.200521 0.611328 0.201823 0.611328 0.210938 0.614258 0.210938 0.615234 0.209635 0.616211 0.209635 0.617188 0.208333 0.618164 0.208333 0.620117 0.205729 0.621094 0.205729 0.62207 0.204427 0.623047 0.204427 0.624023 0.203125 0.625 0.203125 0.625977 0.201823 0.626953 0.201823 0.62793 0.200521 0.628906 0.200521 0.632812 0.195312 0.633789 0.195312 0.633789 0.19401 0.637695 0.188802 0.637695 0.1875 0.640625 0.183594 0.640625 0.182292 0.642578 0.179688 0.642578 0.178385 0.643555 0.177083 0.643555 0.175781 0.644531 0.174479 0.644531 0.173177 0.645508 0.171875 0.645508 0.170573 0.646484 0.169271 0.646484 0.167969 0.647461 0.166667 0.647461 0.158854
0 0.498047 0.140625 0.49707 0.141927 0.496094 0.141927 0.494141 0.144531 0.493164 0.144531 0.492188 0.145833 0.491211 0.145833 0.489258 0.148438 0.488281 0.148438 0.486328 0.151042 0.485352 0.151042 0.485352 0.15625 0.487305 0.158854 0.488281 0.158854 0.489258 0.160156 0.490234 0.160156 0.491211 0.161458 0.492188 0.161458 0.493164 0.16276 0.494141 0.16276 0.495117 0.164062 0.496094 0.164062 0.49707 0.165365 0.498047 0.165365 0.499023 0.166667 0.521484 0.166667 0.522461 0.165365 0.523438 0.166667 0.527344 0.166667 0.52832 0.167969 0.529297 0.167969 0.530273 0.169271 0.53125 0.169271 0.532227 0.170573 0.536133 0.170573 0.538086 0.167969 0.538086 0.15625 0.536133 0.15625 0.535156 0.154948 0.53125 0.154948 0.530273 0.153646 0.52832 0.153646 0.527344 0.152344 0.526367 0.152344 0.525391 0.151042 0.524414 0.151042 0.522461 0.148438 0.521484 0.148438 0.520508 0.147135 0.519531 0.147135 0.518555 0.145833 0.517578 0.145833 0.516602 0.144531 0.515625 0.144531 0.514648 0.143229 0.513672 0.143229 0.512695 0.141927 0.511719 0.141927 0.510742 0.140625
0 0.478516 0.170573 0.478516 0.177083 0.480469 0.179688 0.481445 0.179688 0.483398 0.182292 0.484375 0.182292 0.485352 0.183594 0.486328 0.183594 0.487305 0.184896 0.488281 0.184896 0.489258 0.186198 0.490234 0.186198 0.491211 0.1875 0.492188 0.1875 0.493164 0.188802 0.494141 0.188802 0.495117 0.190104 0.499023 0.190104 0.5 0.191406 0.503906 0.191406 0.504883 0.192708 0.517578 0.192708 0.518555 0.19401 0.524414 0.19401 0.524414 0.184896 0.523438 0.184896 0.522461 0.183594 0.519531 0.183594 0.518555 0.182292 0.517578 0.182292 0.515625 0.179688 0.514648 0.179688 0.513672 0.178385 0.512695 0.178385 0.511719 0.177083 0.510742 0.177083 0.509766 0.175781 0.508789 0.175781 0.507812 0.174479 0.505859 0.174479 0.504883 0.173177 0.503906 0.173177 0.501953 0.170573
0 0.508789 0.433594 0.507812 0.434896 0.501953 0.434896 0.5 0.4375 0.499023 0.4375 0.498047 0.438802 0.494141 0.438802 0.494141 0.440104 0.493164 0.441406 0.492188 0.441406 0.491211 0.442708 0.490234 0.442708 0.489258 0.44401 0.488281 0.44401 0.486328 0.446615 0.485352 0.446615 0.485352 0.454427 0.486328 0.454427 0.487305 0.455729 0.489258 0.455729 0.490234 0.457031 0.491211 0.457031 0.492188 0.458333 0.492188 0.459635 0.491211 0.460938 0.491211 0.464844 0.492188 0.466146 0.492188 0.467448 0.493164 0.467448 0.494141 0.46875 0.495117 0.46875 0.496094 0.470052 0.500977 0.470052 0.501953 0.471354 0.504883 0.471354 0.505859 0.472656 0.507812 0.472656 0.508789 0.471354 0.509766 0.471354 0.512695 0.467448 0.513672 0.467448 0.514648 0.466146 0.515625 0.466146 0.516602 0.464844 0.518555 0.464844 0.520508 0.46224 0.521484 0.46224 0.522461 0.460938 0.523438 0.460938 0.525391 0.458333 0.526367 0.458333 0.527344 0.457031 0.52832 0.457031 0.529297 0.455729 0.530273 0.455729 0.53125 0.454427 0.532227 0.454427 0.533203 0.453125 0.541016 0.453125 0.541992 0.451823 0.543945 0.451823 0.543945 0.446615 0.542969 0.445312 0.542969 0.441406 0.541992 0.440104 0.541992 0.438802 0.541016 0.4375 0.538086 0.4375 0.537109 0.438802 0.536133 0.438802 0.535156 0.440104 0.53125 0.440104 0.530273 0.438802 0.530273 0.433594
0 0.59668 0.144531 0.59668 0.147135 0.595703 0.148438 0.595703 0.14974 0.592773 0.153646 0.592773 0.154948 0.591797 0.15625 0.591797 0.165365 0.59082 0.166667 0.59082 0.170573 0.589844 0.171875 0.589844 0.174479 0.588867 0.175781 0.588867 0.177083 0.586914 0.179688 0.586914 0.182292 0.584961 0.184896 0.584961 0.186198 0.583984 0.1875 0.583984 0.188802 0.583008 0.190104 0.583008 0.208333 0.583984 0.208333 0.585938 0.205729 0.585938 0.204427 0.586914 0.203125 0.586914 0.200521 0.587891 0.199219 0.587891 0.197917 0.588867 0.196615 0.589844 0.196615 0.591797 0.19401 0.592773 0.19401 0.594727 0.191406 0.594727 0.188802 0.595703 0.1875 0.595703 0.186198 0.59668 0.184896 0.59668 0.183594 0.597656 0.182292 0.597656 0.18099 0.599609 0.178385 0.599609 0.177083 0.600586 0.175781 0.600586 0.173177 0.601562 0.171875 0.601562 0.167969 0.602539 0.166667 0.602539 0.145833 0.601562 0.144531
0 0.640625 0.158854 0.635742 0.165365 0.634766 0.165365 0.631836 0.169271 0.631836 0.170573 0.630859 0.171875 0.630859 0.173177 0.629883 0.174479 0.629883 0.175781 0.628906 0.177083 0.628906 0.178385 0.62793 0.179688 0.62793 0.18099 0.625977 0.183594 0.625977 0.184896 0.617188 0.196615 0.616211 0.196615 0.613281 0.200521 0.612305 0.200521 0.611328 0.201823 0.611328 0.210938 0.614258 0.210938 0.615234 0.209635 0.616211 0.209635 0.617188 0.208333 0.618164 0.208333 0.620117 0.205729 0.621094 0.205729 0.62207 0.204427 0.623047 0.204427 0.624023 0.203125 0.625 0.203125 0.625977 0.201823 0.626953 0.201823 0.62793 0.200521 0.628906 0.200521 0.632812 0.195312 0.633789 0.195312 0.633789 0.19401 0.637695 0.188802 0.637695 0.1875 0.640625 0.183594 0.640625 0.182292 0.642578 0.179688 0.642578 0.178385 0.643555 0.177083 0.643555 0.175781 0.644531 0.174479 0.644531 0.173177 0.645508 0.171875 0.645508 0.170573 0.646484 0.169271 0.646484 0.167969 0.647461 0.166667 0.647461 0.158854
0 0.498047 0.140625 0.49707 0.141927 0.496094 0.141927 0.494141 0.144531 0.493164 0.144531 0.492188 0.145833 0.491211 0.145833 0.489258 0.148438 0.488281 0.148438 0.486328 0.151042 0.485352 0.151042 0.485352 0.15625 0.487305 0.158854 0.488281 0.158854 0.489258 0.160156 0.490234 0.160156 0.491211 0.161458 0.492188 0.161458 0.493164 0.16276 0.494141 0.16276 0.495117 0.164062 0.496094 0.164062 0.49707 0.165365 0.498047 0.165365 0.499023 0.166667 0.521484 0.166667 0.522461 0.165365 0.523438 0.166667 0.527344 0.166667 0.52832 0.167969 0.529297 0.167969 0.530273 0.169271 0.53125 0.169271 0.532227 0.170573 0.536133 0.170573 0.538086 0.167969 0.538086 0.15625 0.536133 0.15625 0.535156 0.154948 0.53125 0.154948 0.530273 0.153646 0.52832 0.153646 0.527344 0.152344 0.526367 0.152344 0.525391 0.151042 0.524414 0.151042 0.522461 0.148438 0.521484 0.148438 0.520508 0.147135 0.519531 0.147135 0.518555 0.145833 0.517578 0.145833 0.516602 0.144531 0.515625 0.144531 0.514648 0.143229 0.513672 0.143229 0.512695 0.141927 0.511719 0.141927 0.510742 0.140625
0 0.478516 0.170573 0.478516 0.177083 0.480469 0.179688 0.481445 0.179688 0.483398 0.182292 0.484375 0.182292 0.485352 0.183594 0.486328 0.183594 0.487305 0.184896 0.488281 0.184896 0.489258 0.186198 0.490234 0.186198 0.491211 0.1875 0.492188 0.1875 0.493164 0.188802 0.494141 0.188802 0.495117 0.190104 0.499023 0.190104 0.5 0.191406 0.503906 0.191406 0.504883 0.192708 0.517578 0.192708 0.518555 0.19401 0.524414 0.19401 0.524414 0.184896 0.523438 0.184896 0.522461 0.183594 0.519531 0.183594 0.518555 0.182292 0.517578 0.182292 0.515625 0.179688 0.514648 0.179688 0.513672 0.178385 0.512695 0.178385 0.511719 0.177083 0.510742 0.177083 0.509766 0.175781 0.508789 0.175781 0.507812 0.174479 0.505859 0.174479 0.504883 0.173177 0.503906 0.173177 0.501953 0.170573
0 0.508789 0.433594 0.507812 0.434896 0.501953 0.434896 0.5 0.4375 0.499023 0.4375 0.498047 0.438802 0.494141 0.438802 0.494141 0.440104 0.493164 0.441406 0.492188 0.441406 0.491211 0.442708 0.490234 0.442708 0.489258 0.44401 0.488281 0.44401 0.486328 0.446615 0.485352 0.446615 0.485352 0.454427 0.486328 0.454427 0.487305 0.455729 0.489258 0.455729 0.490234 0.457031 0.491211 0.457031 0.492188 0.458333 0.492188 0.459635 0.491211 0.460938 0.491211 0.464844 0.492188 0.466146 0.492188 0.467448 0.493164 0.467448 0.494141 0.46875 0.495117 0.46875 0.496094 0.470052 0.500977 0.470052 0.501953 0.471354 0.504883 0.471354 0.505859 0.472656 0.507812 0.472656 0.508789 0.471354 0.509766 0.471354 0.512695 0.467448 0.513672 0.467448 0.514648 0.466146 0.515625 0.466146 0.516602 0.464844 0.518555 0.464844 0.520508 0.46224 0.521484 0.46224 0.522461 0.460938 0.523438 0.460938 0.525391 0.458333 0.526367 0.458333 0.527344 0.457031 0.52832 0.457031 0.529297 0.455729 0.530273 0.455729 0.53125 0.454427 0.532227 0.454427 0.533203 0.453125 0.541016 0.453125 0.541992 0.451823 0.543945 0.451823 0.543945 0.446615 0.542969 0.445312 0.542969 0.441406 0.541992 0.440104 0.541992 0.438802 0.541016 0.4375 0.538086 0.4375 0.537109 0.438802 0.536133 0.438802 0.535156 0.440104 0.53125 0.440104 0.530273 0.438802 0.530273 0.433594
0 0.59668 0.144531 0.59668 0.147135 0.595703 0.148438 0.595703 0.14974 0.592773 0.153646 0.592773 0.154948 0.591797 0.15625 0.591797 0.165365 0.59082 0.166667 0.59082 0.170573 0.589844 0.171875 0.589844 0.174479 0.588867 0.175781 0.588867 0.177083 0.586914 0.179688 0.586914 0.182292 0.584961 0.184896 0.584961 0.186198 0.583984 0.1875 0.583984 0.188802 0.583008 0.190104 0.583008 0.208333 0.583984 0.208333 0.585938 0.205729 0.585938 0.204427 0.586914 0.203125 0.586914 0.200521 0.587891 0.199219 0.587891 0.197917 0.588867 0.196615 0.589844 0.196615 0.591797 0.19401 0.592773 0.19401 0.594727 0.191406 0.594727 0.188802 0.595703 0.1875 0.595703 0.186198 0.59668 0.184896 0.59668 0.183594 0.597656 0.182292 0.597656 0.18099 0.599609 0.178385 0.599609 0.177083 0.600586 0.175781 0.600586 0.173177 0.601562 0.171875 0.601562 0.167969 0.602539 0.166667 0.602539 0.145833 0.601562 0.144531
0 0.640625 0.158854 0.635742 0.165365 0.634766 0.165365 0.631836 0.169271 0.631836 0.170573 0.630859 0.171875 0.630859 0.173177 0.629883 0.174479 0.629883 0.175781 0.628906 0.177083 0.628906 0.178385 0.62793 0.179688 0.62793 0.18099 0.625977 0.183594 0.625977 0.184896 0.617188 0.196615 0.616211 0.196615 0.613281 0.200521 0.612305 0.200521 0.611328 0.201823 0.611328 0.210938 0.614258 0.210938 0.615234 0.209635 0.616211 0.209635 0.617188 0.208333 0.618164 0.208333 0.620117 0.205729 0.621094 0.205729 0.62207 0.204427 0.623047 0.204427 0.624023 0.203125 0.625 0.203125 0.625977 0.201823 0.626953 0.201823 0.62793 0.200521 0.628906 0.200521 0.632812 0.195312 0.633789 0.195312 0.633789 0.19401 0.637695 0.188802 0.637695 0.1875 0.640625 0.183594 0.640625 0.182292 0.642578 0.179688 0.642578 0.178385 0.643555 0.177083 0.643555 0.175781 0.644531 0.174479 0.644531 0.173177 0.645508 0.171875 0.645508 0.170573 0.646484 0.169271 0.646484 0.167969 0.647461 0.166667 0.647461 0.158854
0 0.498047 0.140625 0.49707 0.141927 0.496094 0.141927 0.494141 0.144531 0.493164 0.144531 0.492188 0.145833 0.491211 0.145833 0.489258 0.148438 0.488281 0.148438 0.486328 0.151042 0.485352 0.151042 0.485352 0.15625 0.487305 0.158854 0.488281 0.158854 0.489258 0.160156 0.490234 0.160156 0.491211 0.161458 0.492188 0.161458 0.493164 0.16276 0.494141 0.16276 0.495117 0.164062 0.496094 0.164062 0.49707 0.165365 0.498047 0.165365 0.499023 0.166667 0.521484 0.166667 0.522461 0.165365 0.523438 0.166667 0.527344 0.166667 0.52832 0.167969 0.529297 0.167969 0.530273 0.169271 0.53125 0.169271 0.532227 0.170573 0.536133 0.170573 0.538086 0.167969 0.538086 0.15625 0.536133 0.15625 0.535156 0.154948 0.53125 0.154948 0.530273 0.153646 0.52832 0.153646 0.527344 0.152344 0.526367 0.152344 0.525391 0.151042 0.524414 0.151042 0.522461 0.148438 0.521484 0.148438 0.520508 0.147135 0.519531 0.147135 0.518555 0.145833 0.517578 0.145833 0.516602 0.144531 0.515625 0.144531 0.514648 0.143229 0.513672 0.143229 0.512695 0.141927 0.511719 0.141927 0.510742 0.140625
0 0.478516 0.170573 0.478516 0.177083 0.480469 0.179688 0.481445 0.179688 0.483398 0.182292 0.484375 0.182292 0.485352 0.183594 0.486328 0.183594 0.487305 0.184896 0.488281 0.184896 0.489258 0.186198 0.490234 0.186198 0.491211 0.1875 0.492188 0.1875 0.493164 0.188802 0.494141 0.188802 0.495117 0.190104 0.499023 0.190104 0.5 0.191406 0.503906 0.191406 0.504883 0.192708 0.517578 0.192708 0.518555 0.19401 0.524414 0.19401 0.524414 0.184896 0.523438 0.184896 0.522461 0.183594 0.519531 0.183594 0.518555 0.182292 0.517578 0.182292 0.515625 0.179688 0.514648 0.179688 0.513672 0.178385 0.512695 0.178385 0.511719 0.177083 0.510742 0.177083 0.509766 0.175781 0.508789 0.175781 0.507812 0.174479 0.505859 0.174479 0.504883 0.173177 0.503906 0.173177 0.501953 0.170573
0 0.508789 0.433594 0.507812 0.434896 0.501953 0.434896 0.5 0.4375 0.499023 0.4375 0.498047 0.438802 0.494141 0.438802 0.494141 0.440104 0.493164 0.441406 0.492188 0.441406 0.491211 0.442708 0.490234 0.442708 0.489258 0.44401 0.488281 0.44401 0.486328 0.446615 0.485352 0.446615 0.485352 0.454427 0.486328 0.454427 0.487305 0.455729 0.489258 0.455729 0.490234 0.457031 0.491211 0.457031 0.492188 0.458333 0.492188 0.459635 0.491211 0.460938 0.491211 0.464844 0.492188 0.466146 0.492188 0.467448 0.493164 0.467448 0.494141 0.46875 0.495117 0.46875 0.496094 0.470052 0.500977 0.470052 0.501953 0.471354 0.504883 0.471354 0.505859 0.472656 0.507812 0.472656 0.508789 0.471354 0.509766 0.471354 0.512695 0.467448 0.513672 0.467448 0.514648 0.466146 0.515625 0.466146 0.516602 0.464844 0.518555 0.464844 0.520508 0.46224 0.521484 0.46224 0.522461 0.460938 0.523438 0.460938 0.525391 0.458333 0.526367 0.458333 0.527344 0.457031 0.52832 0.457031 0.529297 0.455729 0.530273 0.455729 0.53125 0.454427 0.532227 0.454427 0.533203 0.453125 0.541016 0.453125 0.541992 0.451823 0.543945 0.451823 0.543945 0.446615 0.542969 0.445312 0.542969 0.441406 0.541992 0.440104 0.541992 0.438802 0.541016 0.4375 0.538086 0.4375 0.537109 0.438802 0.536133 0.438802 0.535156 0.440104 0.53125 0.440104 0.530273 0.438802 0.530273 0.433594
0 0.59668 0.144531 0.59668 0.147135 0.595703 0.148438 0.595703 0.14974 0.592773 0.153646 0.592773 0.154948 0.591797 0.15625 0.591797 0.165365 0.59082 0.166667 0.59082 0.170573 0.589844 0.171875 0.589844 0.174479 0.588867 0.175781 0.588867 0.177083 0.586914 0.179688 0.586914 0.182292 0.584961 0.184896 0.584961 0.186198 0.583984 0.1875 0.583984 0.188802 0.583008 0.190104 0.583008 0.208333 0.583984 0.208333 0.585938 0.205729 0.585938 0.204427 0.586914 0.203125 0.586914 0.200521 0.587891 0.199219 0.587891 0.197917 0.588867 0.196615 0.589844 0.196615 0.591797 0.19401 0.592773 0.19401 0.594727 0.191406 0.594727 0.188802 0.595703 0.1875 0.595703 0.186198 0.59668 0.184896 0.59668 0.183594 0.597656 0.182292 0.597656 0.18099 0.599609 0.178385 0.599609 0.177083 0.600586 0.175781 0.600586 0.173177 0.601562 0.171875 0.601562 0.167969 0.602539 0.166667 0.602539 0.145833 0.601562 0.144531
0 0.640625 0.158854 0.635742 0.165365 0.634766 0.165365 0.631836 0.169271 0.631836 0.170573 0.630859 0.171875 0.630859 0.173177 0.629883 0.174479 0.629883 0.175781 0.628906 0.177083 0.628906 0.178385 0.62793 0.179688 0.62793 0.18099 0.625977 0.183594 0.625977 0.184896 0.617188 0.196615 0.616211 0.196615 0.613281 0.200521 0.612305 0.200521 0.611328 0.201823 0.611328 0.210938 0.614258 0.210938 0.615234 0.209635 0.616211 0.209635 0.617188 0.208333 0.618164 0.208333 0.620117 0.205729 0.621094 0.205729 0.62207 0.204427 0.623047 0.204427 0.624023 0.203125 0.625 0.203125 0.625977 0.201823 0.626953 0.201823 0.62793 0.200521 0.628906 0.200521 0.632812 0.195312 0.633789 0.195312 0.633789 0.19401 0.637695 0.188802 0.637695 0.1875 0.640625 0.183594 0.640625 0.182292 0.642578 0.179688 0.642578 0.178385 0.643555 0.177083 0.643555 0.175781 0.644531 0.174479 0.644531 0.173177 0.645508 0.171875 0.645508 0.170573 0.646484 0.169271 0.646484 0.167969 0.647461 0.166667 0.647461 0.158854
0 0.498047 0.140625 0.49707 0.141927 0.496094 0.141927 0.494141 0.144531 0.493164 0.144531 0.492188 0.145833 0.491211 0.145833 0.489258 0.148438 0.488281 0.148438 0.486328 0.151042 0.485352 0.151042 0.485352 0.15625 0.487305 0.158854 0.488281 0.158854 0.489258 0.160156 0.490234 0.160156 0.491211 0.161458 0.492188 0.161458 0.493164 0.16276 0.494141 0.16276 0.495117 0.164062 0.496094 0.164062 0.49707 0.165365 0.498047 0.165365 0.499023 0.166667 0.521484 0.166667 0.522461 0.165365 0.523438 0.166667 0.527344 0.166667 0.52832 0.167969 0.529297 0.167969 0.530273 0.169271 0.53125 0.169271 0.532227 0.170573 0.536133 0.170573 0.538086 0.167969 0.538086 0.15625 0.536133 0.15625 0.535156 0.154948 0.53125 0.154948 0.530273 0.153646 0.52832 0.153646 0.527344 0.152344 0.526367 0.152344 0.525391 0.151042 0.524414 0.151042 0.522461 0.148438 0.521484 0.148438 0.520508 0.147135 0.519531 0.147135 0.518555 0.145833 0.517578 0.145833 0.516602 0.144531 0.515625 0.144531 0.514648 0.143229 0.513672 0.143229 0.512695 0.141927 0.511719 0.141927 0.510742 0.140625
0 0.478516 0.170573 0.478516 0.177083 0.480469 0.179688 0.481445 0.179688 0.483398 0.182292 0.484375 0.182292 0.485352 0.183594 0.486328 0.183594 0.487305 0.184896 0.488281 0.184896 0.489258 0.186198 0.490234 0.186198 0.491211 0.1875 0.492188 0.1875 0.493164 0.188802 0.494141 0.188802 0.495117 0.190104 0.499023 0.190104 0.5 0.191406 0.503906 0.191406 0.504883 0.192708 0.517578 0.192708 0.518555 0.19401 0.524414 0.19401 0.524414 0.184896 0.523438 0.184896 0.522461 0.183594 0.519531 0.183594 0.518555 0.182292 0.517578 0.182292 0.515625 0.179688 0.514648 0.179688 0.513672 0.178385 0.512695 0.178385 0.511719 0.177083 0.510742 0.177083 0.509766 0.175781 0.508789 0.175781 0.507812 0.174479 0.505859 0.174479 0.504883 0.173177 0.503906 0.173177 0.501953 0.170573
