0 0.331055 0.382812 0.330078 0.384115 0.330078 0.397135 0.331055 0.397135 0.332031 0.398438 0.333984 0.398438 0.334961 0.39974 0.336914 0.39974 0.337891 0.401042 0.338867 0.401042 0.339844 0.402344 0.34082 0.402344 0.341797 0.403646 0.34375 0.403646 0.344727 0.404948 0.345703 0.404948 0.347656 0.407552 0.348633 0.407552 0.349609 0.408854 0.350586 0.408854 0.351562 0.410156 0.352539 0.410156 0.353516 0.411458 0.354492 0.411458 0.355469 0.41276 0.356445 0.41276 0.357422 0.414062 0.359375 0.414062 0.360352 0.415365 0.362305 0.415365 0.363281 0.416667 0.365234 0.416667 0.366211 0.417969 0.376953 0.417969 0.37793 0.416667 0.385742 0.416667 0.386719 0.415365 0.388672 0.415365 0.389648 0.414062 0.391602 0.414062 0.393555 0.411458 0.393555 0.408854 0.390625 0.404948 0.389648 0.404948 0.388672 0.403646 0.387695 0.403646 0.385742 0.401042 0.384766 0.401042 0.382812 0.398438 0.381836 0.398438 0.380859 0.397135 0.379883 0.397135 0.378906 0.395833 0.376953 0.395833 0.375977 0.394531 0.374023 0.394531 0.373047 0.393229 0.369141 0.393229 0.368164 0.391927 0.344727 0.391927 0.34375 0.390625 0.342773 0.390625 0.341797 0.389323 0.34082 0.389323 0.336914 0.384115 0.335938 0.384115 0.334961 0.382812
0 0.31543 0.40625 0.314453 0.407552 0.311523 0.407552 0.310547 0.408854 0.307617 0.408854 0.306641 0.410156 0.304688 0.410156 0.303711 0.411458 0.301758 0.411458 0.300781 0.41276 0.287109 0.41276 0.286133 0.414062 0.285156 0.414062 0.28418 0.415365 0.283203 0.415365 0.282227 0.416667 0.276367 0.416667 0.276367 0.425781 0.277344 0.427083 0.27832 0.427083 0.279297 0.428385 0.287109 0.428385 0.288086 0.429688 0.300781 0.429688 0.301758 0.43099 0.305664 0.43099 0.306641 0.432292 0.308594 0.432292 0.30957 0.433594 0.3125 0.433594 0.313477 0.434896 0.316406 0.434896 0.317383 0.433594 0.318359 0.433594 0.319336 0.432292 0.323242 0.432292 0.324219 0.43099 0.332031 0.43099 0.333008 0.429688 0.333984 0.429688 0.334961 0.428385 0.335938 0.428385 0.336914 0.427083 0.337891 0.427083 0.338867 0.425781 0.339844 0.425781 0.34082 0.424479 0.342773 0.424479 0.34375 0.423177 0.345703 0.423177 0.34668 0.421875 0.348633 0.421875 0.349609 0.420573 0.350586 0.420573 0.352539 0.417969 0.353516 0.417969 0.353516 0.414062 0.352539 0.41276 0.351562 0.41276 0.350586 0.411458 0.349609 0.411458 0.348633 0.410156 0.347656 0.410156 0.344727 0.40625
0 0.362305 0.169271 0.361328 0.170573 0.360352 0.170573 0.359375 0.171875 0.358398 0.171875 0.357422 0.173177 0.353516 0.173177 0.352539 0.174479 0.349609 0.174479 0.348633 0.175781 0.34668 0.175781 0.345703 0.177083 0.34375 0.177083 0.342773 0.178385 0.34082 0.178385 0.339844 0.179688 0.335938 0.179688 0.334961 0.18099 0.332031 0.18099 0.331055 0.182292 0.330078 0.182292 0.328125 0.184896 0.328125 0.188802 0.327148 0.190104 0.327148 0.196615 0.328125 0.197917 0.330078 0.197917 0.331055 0.196615 0.332031 0.196615 0.333008 0.195312 0.333984 0.195312 0.334961 0.19401 0.335938 0.19401 0.336914 0.192708 0.341797 0.192708 0.342773 0.19401 0.34375 0.19401 0.344727 0.195312 0.34668 0.195312 0.347656 0.196615 0.360352 0.196615 0.361328 0.195312 0.367188 0.195312 0.368164 0.19401 0.370117 0.19401 0.37207 0.191406 0.373047 0.191406 0.374023 0.190104 0.375 0.190104 0.375977 0.188802 0.376953 0.188802 0.37793 0.1875 0.378906 0.1875 0.380859 0.184896 0.381836 0.184896 0.383789 0.182292 0.384766 0.182292 0.388672 0.177083 0.388672 0.173177 0.387695 0.171875 0.386719 0.171875 0.385742 0.170573 0.380859 0.170573 0.379883 0.169271
0 0.232422 0.433594 0.232422 0.447917 0.233398 0.447917 0.234375 0.446615 0.239258 0.446615 0.240234 0.447917 0.242188 0.447917 0.243164 0.449219 0.248047 0.449219 0.249023 0.450521 0.251953 0.450521 0.25293 0.451823 0.253906 0.451823 0.254883 0.453125 0.274414 0.453125 0.275391 0.451823 0.277344 0.451823 0.27832 0.450521 0.279297 0.450521 0.280273 0.449219 0.28125 0.449219 0.282227 0.447917 0.283203 0.447917 0.283203 0.445312 0.28125 0.442708 0.280273 0.442708 0.279297 0.441406 0.27832 0.441406 0.277344 0.440104 0.276367 0.440104 0.274414 0.4375 0.272461 0.4375 0.271484 0.436198 0.270508 0.436198 0.269531 0.434896 0.268555 0.434896 0.267578 0.433594
0 0.225586 0.147135 0.225586 0.161458 0.226562 0.161458 0.227539 0.16276 0.228516 0.16276 0.231445 0.166667 0.231445 0.167969 0.238281 0.167969 0.239258 0.169271 0.242188 0.169271 0.243164 0.170573 0.25293 0.170573 0.253906 0.171875 0.262695 0.171875 0.263672 0.170573 0.271484 0.170573 0.273438 0.167969 0.274414 0.167969 0.274414 0.157552 0.272461 0.154948 0.268555 0.154948 0.267578 0.153646 0.265625 0.153646 0.264648 0.152344 0.262695 0.152344 0.261719 0.151042 0.258789 0.151042 0.257812 0.14974 0.243164 0.14974 0.242188 0.151042 0.232422 0.151042 0.231445 0.14974 0.229492 0.14974 0.227539 0.147135
0 0.291016 0.179688 0.291992 0.18099 0.297852 0.18099 0.300781 0.184896 0.306641 0.184896 0.305664 0.184896 0.304688 0.183594 0.302734 0.183594 0.299805 0.179688 0.297852 0.179688 0.296875 0.178385 0.292969 0.178385 0.291992 0.179688 0.291016 0.179688 0.282227 0.167969 0.290039 0.164062 0.292969 0.167969 0.293945 0.167969 0.294922 0.169271 0.295898 0.169271 0.296875 0.170573 0.304688 0.170573 0.305664 0.171875 0.307617 0.171875 0.310547 0.175781 0.311523 0.175781 0.314453 0.179688 0.314453 0.18099 0.3125 0.183594 0.311523 0.183594 0.310547 0.184896 0.308594 0.184896 0.30957 0.184896 0.3125 0.188802 0.317383 0.188802 0.318359 0.1875 0.321289 0.1875 0.322266 0.186198 0.327148 0.186198 0.331055 0.18099 0.333008 0.18099 0.333984 0.179688 0.336914 0.179688 0.337891 0.178385 0.339844 0.178385 0.34082 0.177083 0.34375 0.177083 0.344727 0.175781 0.345703 0.175781 0.34668 0.174479 0.347656 0.174479 0.348633 0.173177 0.349609 0.173177 0.349609 0.171875 0.348633 0.170573 0.348633 0.169271 0.347656 0.167969 0.34668 0.167969 0.345703 0.166667 0.344727 0.166667 0.342773 0.164062 0.34082 0.164062 0.339844 0.16276 0.338867 0.16276 0.337891 0.161458 0.336914 0.161458 0.334961 0.158854 0.333008 0.158854 0.332031 0.157552 0.331055 0.157552 0.329102 0.154948 0.327148 0.154948 0.326172 0.153646 0.321289 0.153646 0.320312 0.152344 0.297852 0.152344 0.296875 0.153646 0.295898 0.153646 0.294922 0.154948 0.291016 0.154948 0.290039 0.15625 0.290039 0.158854 0.289062 0.160156 0.290039 0.161458 0.290039 0.164062 0.282227 0.167969 0.28125 0.166667 0.28125 0.165365 0.27832 0.161458 0.27832 0.160156 0.277344 0.158854 0.275391 0.158854 0.275391 0.169271 0.279297 0.169271 0.280273 0.167969 0.282227 0.167969
0 0.331055 0.382812 0.330078 0.384115 0.330078 0.397135 0.331055 0.397135 0.332031 0.398438 0.333984 0.398438 0.334961 0.39974 0.336914 0.39974 0.337891 0.401042 0.338867 0.401042 0.339844 0.402344 0.34082 0.402344 0.341797 0.403646 0.34375 0.403646 0.344727 0.404948 0.345703 0.404948 0.347656 0.407552 0.348633 0.407552 0.349609 0.408854 0.350586 0.408854 0.351562 0.410156 0.352539 0.410156 0.353516 0.411458 0.354492 0.411458 0.355469 0.41276 0.356445 0.41276 0.357422 0.414062 0.359375 0.414062 0.360352 0.415365 0.362305 0.415365 0.363281 0.416667 0.365234 0.416667 0.366211 0.417969 0.376953 0.417969 0.37793 0.416667 0.385742 0.416667 0.386719 0.415365 0.388672 0.415365 0.389648 0.414062 0.391602 0.414062 0.393555 0.411458 0.393555 0.408854 0.390625 0.404948 0.389648 0.404948 0.388672 0.403646 0.387695 0.403646 0.385742 0.401042 0.384766 0.401042 0.382812 0.398438 0.381836 0.398438 0.380859 0.397135 0.379883 0.397135 0.378906 0.395833 0.376953 0.395833 0.375977 0.394531 0.374023 0.394531 0.373047 0.393229 0.369141 0.393229 0.368164 0.391927 0.344727 0.391927 0.34375 0.390625 0.342773 0.390625 0.341797 0.389323 0.34082 0.389323 0.336914 0.384115 0.335938 0.384115 0.334961 0.382812
0 0.31543 0.40625 0.314453 0.407552 0.311523 0.407552 0.310547 0.408854 0.307617 0.408854 0.306641 0.410156 0.304688 0.410156 0.303711 0.411458 0.301758 0.411458 0.300781 0.41276 0.287109 0.41276 0.286133 0.414062 0.285156 0.414062 0.28418 0.415365 0.283203 0.415365 0.282227 0.416667 0.276367 0.416667 0.276367 0.425781 0.277344 0.427083 0.27832 0.427083 0.279297 0.428385 0.287109 0.428385 0.288086 0.429688 0.300781 0.429688 0.301758 0.43099 0.305664 0.43099 0.306641 0.432292 0.308594 0.432292 0.30957 0.433594 0.3125 0.433594 0.313477 0.434896 0.316406 0.434896 0.317383 0.433594 0.318359 0.433594 0.319336 0.432292 0.323242 0.432292 0.324219 0.43099 0.332031 0.43099 0.333008 0.429688 0.333984 0.429688 0.334961 0.428385 0.335938 0.428385 0.336914 0.427083 0.337891 0.427083 0.338867 0.425781 0.339844 0.425781 0.34082 0.424479 0.342773 0.424479 0.34375 0.423177 0.345703 0.423177 0.34668 0.421875 0.348633 0.421875 0.349609 0.420573 0.350586 0.420573 0.352539 0.417969 0.353516 0.417969 0.353516 0.414062 0.352539 0.41276 0.351562 0.41276 0.350586 0.411458 0.349609 0.411458 0.348633 0.410156 0.347656 0.410156 0.344727 0.40625
0 0.362305 0.169271 0.361328 0.170573 0.360352 0.170573 0.359375 0.171875 0.358398 0.171875 0.357422 0.173177 0.353516 0.173177 0.352539 0.174479 0.349609 0.174479 0.348633 0.175781 0.34668 0.175781 0.345703 0.177083 0.34375 0.177083 0.342773 0.178385 0.34082 0.178385 0.339844 0.179688 0.335938 0.179688 0.334961 0.18099 0.332031 0.18099 0.331055 0.182292 0.330078 0.182292 0.328125 0.184896 0.328125 0.188802 0.327148 0.190104 0.327148 0.196615 0.328125 0.197917 0.330078 0.197917 0.331055 0.196615 0.332031 0.196615 0.333008 0.195312 0.333984 0.195312 0.334961 0.19401 0.335938 0.19401 0.336914 0.192708 0.341797 0.192708 0.342773 0.19401 0.34375 0.19401 0.344727 0.195312 0.34668 0.195312 0.347656 0.196615 0.360352 0.196615 0.361328 0.195312 0.367188 0.195312 0.368164 0.19401 0.370117 0.19401 0.37207 0.191406 0.373047 0.191406 0.374023 0.190104 0.375 0.190104 0.375977 0.188802 0.376953 0.188802 0.37793 0.1875 0.378906 0.1875 0.380859 0.184896 0.381836 0.184896 0.383789 0.182292 0.384766 0.182292 0.388672 0.177083 0.388672 0.173177 0.387695 0.171875 0.386719 0.171875 0.385742 0.170573 0.380859 0.170573 0.379883 0.169271
0 0.232422 0.433594 0.232422 0.447917 0.233398 0.447917 0.234375 0.446615 0.239258 0.446615 0.240234 0.447917 0.242188 0.447917 0.243164 0.449219 0.248047 0.449219 0.249023 0.450521 0.251953 0.450521 0.25293 0.451823 0.253906 0.451823 0.254883 0.453125 0.274414 0.453125 0.275391 0.451823 0.277344 0.451823 0.27832 0.450521 0.279297 0.450521 0.280273 0.449219 0.28125 0.449219 0.282227 0.447917 0.283203 0.447917 0.283203 0.445312 0.28125 0.442708 0.280273 0.442708 0.279297 0.441406 0.27832 0.441406 0.277344 0.440104 0.276367 0.440104 0.274414 0.4375 0.272461 0.4375 0.271484 0.436198 0.270508 0.436198 0.269531 0.434896 0.268555 0.434896 0.267578 0.433594
0 0.225586 0.147135 0.225586 0.161458 0.226562 0.161458 0.227539 0.16276 0.228516 0.16276 0.231445 0.166667 0.231445 0.167969 0.238281 0.167969 0.239258 0.169271 0.242188 0.169271 0.243164 0.170573 0.25293 0.170573 0.253906 0.171875 0.262695 0.171875 0.263672 0.170573 0.271484 0.170573 0.273438 0.167969 0.274414 0.167969 0.274414 0.157552 0.272461 0.154948 0.268555 0.154948 0.267578 0.153646 0.265625 0.153646 0.264648 0.152344 0.262695 0.152344 0.261719 0.151042 0.258789 0.151042 0.257812 0.14974 0.243164 0.14974 0.242188 0.151042 0.232422 0.151042 0.231445 0.14974 0.229492 0.14974 0.227539 0.147135
0 0.291016 0.179688 0.291992 0.18099 0.297852 0.18099 0.300781 0.184896 0.306641 0.184896 0.305664 0.184896 0.304688 0.183594 0.302734 0.183594 0.299805 0.179688 0.297852 0.179688 0.296875 0.178385 0.292969 0.178385 0.291992 0.179688 0.291016 0.179688 0.282227 0.167969 0.290039 0.164062 0.292969 0.167969 0.293945 0.167969 0.294922 0.169271 0.295898 0.169271 0.296875 0.170573 0.304688 0.170573 0.305664 0.171875 0.307617 0.171875 0.310547 0.175781 0.311523 0.175781 0.314453 0.179688 0.314453 0.18099 0.3125 0.183594 0.311523 0.183594 0.310547 0.184896 0.308594 0.184896 0.30957 0.184896 0.3125 0.188802 0.317383 0.188802 0.318359 0.1875 0.321289 0.1875 0.322266 0.186198 0.327148 0.186198 0.331055 0.18099 0.333008 0.18099 0.333984 0.179688 0.336914 0.179688 0.337891 0.178385 0.339844 0.178385 0.34082 0.177083 0.34375 0.177083 0.344727 0.175781 0.345703 0.175781 0.34668 0.174479 0.347656 0.174479 0.348633 0.173177 0.349609 0.173177 0.349609 0.171875 0.348633 0.170573 0.348633 0.169271 0.347656 0.167969 0.34668 0.167969 0.345703 0.166667 0.344727 0.166667 0.342773 0.164062 0.34082 0.164062 0.339844 0.16276 0.338867 0.16276 0.337891 0.161458 0.336914 0.161458 0.334961 0.158854 0.333008 0.158854 0.332031 0.157552 0.331055 0.157552 0.329102 0.154948 0.327148 0.154948 0.326172 0.153646 0.321289 0.153646 0.320312 0.152344 0.297852 0.152344 0.296875 0.153646 0.295898 0.153646 0.294922 0.154948 0.291016 0.154948 0.290039 0.15625 0.290039 0.158854 0.289062 0.160156 0.290039 0.161458 0.290039 0.164062 0.282227 0.167969 0.28125 0.166667 0.28125 0.165365 0.27832 0.161458 0.27832 0.160156 0.277344 0.158854 0.275391 0.158854 0.275391 0.169271 0.279297 0.169271 0.280273 0.167969 0.282227 0.167969
0 0.331055 0.382812 0.330078 0.384115 0.330078 0.397135 0.331055 0.397135 0.332031 0.398438 0.333984 0.398438 0.334961 0.39974 0.336914 0.39974 0.337891 0.401042 0.338867 0.401042 0.339844 0.402344 0.34082 0.402344 0.341797 0.403646 0.34375 0.403646 0.344727 0.404948 0.345703 0.404948 0.347656 0.407552 0.348633 0.407552 0.349609 0.408854 0.350586 0.408854 0.351562 0.410156 0.352539 0.410156 0.353516 0.411458 0.354492 0.411458 0.355469 0.41276 0.356445 0.41276 0.357422 0.414062 0.359375 0.414062 0.360352 0.415365 0.362305 0.415365 0.363281 0.416667 0.365234 0.416667 0.366211 0.417969 0.376953 0.417969 0.37793 0.416667 0.385742 0.416667 0.386719 0.415365 0.388672 0.415365 0.389648 0.414062 0.391602 0.414062 0.393555 0.411458 0.393555 0.408854 0.390625 0.404948 0.389648 0.404948 0.388672 0.403646 0.387695 0.403646 0.385742 0.401042 0.384766 0.401042 0.382812 0.398438 0.381836 0.398438 0.380859 0.397135 0.379883 0.397135 0.378906 0.395833 0.376953 0.395833 0.375977 0.394531 0.374023 0.394531 0.373047 0.393229 0.369141 0.393229 0.368164 0.391927 0.344727 0.391927 0.34375 0.390625 0.342773 0.390625 0.341797 0.389323 0.34082 0.389323 0.336914 0.384115 0.335938 0.384115 0.334961 0.382812
0 0.31543 0.40625 0.314453 0.407552 0.311523 0.407552 0.310547 0.408854 0.307617 0.408854 0.306641 0.410156 0.304688 0.410156 0.303711 0.411458 0.301758 0.411458 0.300781 0.41276 0.287109 0.41276 0.286133 0.414062 0.285156 0.414062 0.28418 0.415365 0.283203 0.415365 0.282227 0.416667 0.276367 0.416667 0.276367 0.425781 0.277344 0.427083 0.27832 0.427083 0.279297 0.428385 0.287109 0.428385 0.288086 0.429688 0.300781 0.429688 0.301758 0.43099 0.305664 0.43099 0.306641 0.432292 0.308594 0.432292 0.30957 0.433594 0.3125 0.433594 0.313477 0.434896 0.316406 0.434896 0.317383 0.433594 0.318359 0.433594 0.319336 0.432292 0.323242 0.432292 0.324219 0.43099 0.332031 0.43099 0.333008 0.429688 0.333984 0.429688 0.334961 0.428385 0.335938 0.428385 0.336914 0.427083 0.337891 0.427083 0.338867 0.425781 0.339844 0.425781 0.34082 0.424479 0.342773 0.424479 0.34375 0.423177 0.345703 0.423177 0.34668 0.421875 0.348633 0.421875 0.349609 0.420573 0.350586 0.420573 0.352539 0.417969 0.353516 0.417969 0.353516 0.414062 0.352539 0.41276 0.351562 0.41276 0.350586 0.411458 0.349609 0.411458 0.348633 0.410156 0.347656 0.410156 0.344727 0.40625
0 0.362305 0.169271 0.361328 0.170573 0.360352 0.170573 0.359375 0.171875 0.358398 0.171875 0.357422 0.173177 0.353516 0.173177 0.352539 0.174479 0.349609 0.174479 0.348633 0.175781 0.34668 0.175781 0.345703 0.177083 0.34375 0.177083 0.342773 0.178385 0.34082 0.178385 0.339844 0.179688 0.335938 0.179688 0.334961 0.18099 0.332031 0.18099 0.331055 0.182292 0.330078 0.182292 0.328125 0.184896 0.328125 0.188802 0.327148 0.190104 0.327148 0.196615 0.328125 0.197917 0.330078 0.197917 0.331055 0.196615 0.332031 0.196615 0.333008 0.195312 0.333984 0.195312 0.334961 0.19401 0.335938 0.19401 0.336914 0.192708 0.341797 0.192708 0.342773 0.19401 0.34375 0.19401 0.344727 0.195312 0.34668 0.195312 0.347656 0.196615 0.360352 0.196615 0.361328 0.195312 0.367188 0.195312 0.368164 0.19401 0.370117 0.19401 0.37207 0.191406 0.373047 0.191406 0.374023 0.190104 0.375 0.190104 0.375977 0.188802 0.376953 0.188802 0.37793 0.1875 0.378906 0.1875 0.380859 0.184896 0.381836 0.184896 0.383789 0.182292 0.384766 0.182292 0.388672 0.177083 0.388672 0.173177 0.387695 0.171875 0.386719 0.171875 0.385742 0.170573 0.380859 0.170573 0.379883 0.169271
0 0.232422 0.433594 0.232422 0.447917 0.233398 0.447917 0.234375 0.446615 0.239258 0.446615 0.240234 0.447917 0.242188 0.447917 0.243164 0.449219 0.248047 0.449219 0.249023 0.450521 0.251953 0.450521 0.25293 0.451823 0.253906 0.451823 0.254883 0.453125 0.274414 0.453125 0.275391 0.451823 0.277344 0.451823 0.27832 0.450521 0.279297 0.450521 0.280273 0.449219 0.28125 0.449219 0.282227 0.447917 0.283203 0.447917 0.283203 0.445312 0.28125 0.442708 0.280273 0.442708 0.279297 0.441406 0.27832 0.441406 0.277344 0.440104 0.276367 0.440104 0.274414 0.4375 0.272461 0.4375 0.271484 0.436198 0.270508 0.436198 0.269531 0.434896 0.268555 0.434896 0.267578 0.433594
0 0.225586 0.147135 0.225586 0.161458 0.226562 0.161458 0.227539 0.16276 0.228516 0.16276 0.231445 0.166667 0.231445 0.167969 0.238281 0.167969 0.239258 0.169271 0.242188 0.169271 0.243164 0.170573 0.25293 0.170573 0.253906 0.171875 0.262695 0.171875 0.263672 0.170573 0.271484 0.170573 0.273438 0.167969 0.274414 0.167969 0.274414 0.157552 0.272461 0.154948 0.268555 0.154948 0.267578 0.153646 0.265625 0.153646 0.264648 0.152344 0.262695 0.152344 0.261719 0.151042 0.258789 0.151042 0.257812 0.14974 0.243164 0.14974 0.242188 0.151042 0.232422 0.151042 0.231445 0.14974 0.229492 0.14974 0.227539 0.147135
0 0.291016 0.179688 0.291992 0.18099 0.297852 0.18099 0.300781 0.184896 0.306641 0.184896 0.305664 0.184896 0.304688 0.183594 0.302734 0.183594 0.299805 0.179688 0.297852 0.179688 0.296875 0.178385 0.292969 0.178385 0.291992 0.179688 0.291016 0.179688 0.282227 0.167969 0.290039 0.164062 0.292969 0.167969 0.293945 0.167969 0.294922 0.169271 0.295898 0.169271 0.296875 0.170573 0.304688 0.170573 0.305664 0.171875 0.307617 0.171875 0.310547 0.175781 0.311523 0.175781 0.314453 0.179688 0.314453 0.18099 0.3125 0.183594 0.311523 0.183594 0.310547 0.184896 0.308594 0.184896 0.30957 0.184896 0.3125 0.188802 0.317383 0.188802 0.318359 0.1875 0.321289 0.1875 0.322266 0.186198 0.327148 0.186198 0.331055 0.18099 0.333008 0.18099 0.333984 0.179688 0.336914 0.179688 0.337891 0.178385 0.339844 0.178385 0.34082 0.177083 0.34375 0.177083 0.344727 0.175781 0.345703 0.175781 0.34668 0.174479 0.347656 0.174479 0.348633 0.173177 0.349609 0.173177 0.349609 0.171875 0.348633 0.170573 0.348633 0.169271 0.347656 0.167969 0.34668 0.167969 0.345703 0.166667 0.344727 0.166667 0.342773 0.164062 0.34082 0.164062 0.339844 0.16276 0.338867 0.16276 0.337891 0.161458 0.336914 0.161458 0.334961 0.158854 0.333008 0.158854 0.332031 0.157552 0.331055 0.157552 0.329102 0.154948 0.327148 0.154948 0.326172 0.153646 0.321289 0.153646 0.320312 0.152344 0.297852 0.152344 0.296875 0.153646 0.295898 0.153646 0.294922 0.154948 0.291016 0.154948 0.290039 0.15625 0.290039 0.158854 0.289062 0.160156 0.290039 0.161458 0.290039 0.164062 0.282227 0.167969 0.28125 0.166667 0.28125 0.165365 0.27832 0.161458 0.27832 0.160156 0.277344 0.158854 0.275391 0.158854 0.275391 0.169271 0.279297 0.169271 0.280273 0.167969 0.282227 0.167969
0 0.331055 0.382812 0.330078 0.384115 0.330078 0.397135 0.331055 0.397135 0.332031 0.398438 0.333984 0.398438 0.334961 0.39974 0.336914 0.39974 0.337891 0.401042 0.338867 0.401042 0.339844 0.402344 0.34082 0.402344 0.341797 0.403646 0.34375 0.403646 0.344727 0.404948 0.345703 0.404948 0.347656 0.407552 0.348633 0.407552 0.349609 0.408854 0.350586 0.408854 0.351562 0.410156 0.352539 0.410156 0.353516 0.411458 0.354492 0.411458 0.355469 0.41276 0.356445 0.41276 0.357422 0.414062 0.359375 0.414062 0.360352 0.415365 0.362305 0.415365 0.363281 0.416667 0.365234 0.416667 0.366211 0.417969 0.376953 0.417969 0.37793 0.416667 0.385742 0.416667 0.386719 0.415365 0.388672 0.415365 0.389648 0.414062 0.391602 0.414062 0.393555 0.411458 0.393555 0.408854 0.390625 0.404948 0.389648 0.404948 0.388672 0.403646 0.387695 0.403646 0.385742 0.401042 0.384766 0.401042 0.382812 0.398438 0.381836 0.398438 0.380859 0.397135 0.379883 0.397135 0.378906 0.395833 0.376953 0.395833 0.375977 0.394531 0.374023 0.394531 0.373047 0.393229 0.369141 0.393229 0.368164 0.391927 0.344727 0.391927 0.34375 0.390625 0.342773 0.390625 0.341797 0.389323 0.34082 0.389323 0.336914 0.384115 0.335938 0.384115 0.334961 0.382812
0 0.31543 0.40625 0.314453 0.407552 0.311523 0.407552 0.310547 0.408854 0.307617 0.408854 0.306641 0.410156 0.304688 0.410156 0.303711 0.411458 0.301758 0.411458 0.300781 0.41276 0.287109 0.41276 0.286133 0.414062 0.285156 0.414062 0.28418 0.415365 0.283203 0.415365 0.282227 0.416667 0.276367 0.416667 0.276367 0.425781 0.277344 0.427083 0.27832 0.427083 0.279297 0.428385 0.287109 0.428385 0.288086 0.429688 0.300781 0.429688 0.301758 0.43099 0.305664 0.43099 0.306641 0.432292 0.308594 0.432292 0.30957 0.433594 0.3125 0.433594 0.313477 0.434896 0.316406 0.434896 0.317383 0.433594 0.318359 0.433594 0.319336 0.432292 0.323242 0.432292 0.324219 0.43099 0.332031 0.43099 0.333008 0.429688 0.333984 0.429688 0.334961 0.428385 0.335938 0.428385 0.336914 0.427083 0.337891 0.427083 0.338867 0.425781 0.339844 0.425781 0.34082 0.424479 0.342773 0.424479 0.34375 0.423177 0.345703 0.423177 0.34668 0.421875 0.348633 0.421875 0.349609 0.420573 0.350586 0.420573 0.352539 0.417969 0.353516 0.417969 0.353516 0.414062 0.352539 0.41276 0.351562 0.41276 0.350586 0.411458 0.349609 0.411458 0.348633 0.410156 0.347656 0.410156 0.344727 0.40625
0 0.362305 0.169271 0.361328 0.170573 0.360352 0.170573 0.359375 0.171875 0.358398 0.171875 0.357422 0.173177 0.353516 0.173177 0.352539 0.174479 0.349609 0.174479 0.348633 0.175781 0.34668 0.175781 0.345703 0.177083 0.34375 0.177083 0.342773 0.178385 0.34082 0.178385 0.339844 0.179688 0.335938 0.179688 0.334961 0.18099 0.332031 0.18099 0.331055 0.182292 0.330078 0.182292 0.328125 0.184896 0.328125 0.188802 0.327148 0.190104 0.327148 0.196615 0.328125 0.197917 0.330078 0.197917 0.331055 0.196615 0.332031 0.196615 0.333008 0.195312 0.333984 0.195312 0.334961 0.19401 0.335938 0.19401 0.336914 0.192708 0.341797 0.192708 0.342773 0.19401 0.34375 0.19401 0.344727 0.195312 0.34668 0.195312 0.347656 0.196615 0.360352 0.196615 0.361328 0.195312 0.367188 0.195312 0.368164 0.19401 0.370117 0.19401 0.37207 0.191406 0.373047 0.191406 0.374023 0.190104 0.375 0.190104 0.375977 0.188802 0.376953 0.188802 0.37793 0.1875 0.378906 0.1875 0.380859 0.184896 0.381836 0.184896 0.383789 0.182292 0.384766 0.182292 0.388672 0.177083 0.388672 0.173177 0.387695 0.171875 0.386719 0.171875 0.385742 0.170573 0.380859 0.170573 0.379883 0.169271
0 0.232422 0.433594 0.232422 0.447917 0.233398 0.447917 0.234375 0.446615 0.239258 0.446615 0.240234 0.447917 0.242188 0.447917 0.243164 0.449219 0.248047 0.449219 0.249023 0.450521 0.251953 0.450521 0.25293 0.451823 0.253906 0.451823 0.254883 0.453125 0.274414 0.453125 0.275391 0.451823 0.277344 0.451823 0.27832 0.450521 0.279297 0.450521 0.280273 0.449219 0.28125 0.449219 0.282227 0.447917 0.283203 0.447917 0.283203 0.445312 0.28125 0.442708 0.280273 0.442708 0.279297 0.441406 0.27832 0.441406 0.277344 0.440104 0.276367 0.440104 0.274414 0.4375 0.272461 0.4375 0.271484 0.436198 0.270508 0.436198 0.269531 0.434896 0.268555 0.434896 0.267578 0.433594
0 0.225586 0.147135 0.225586 0.161458 0.226562 0.161458 0.227539 0.16276 0.228516 0.16276 0.231445 0.166667 0.231445 0.167969 0.238281 0.167969 0.239258 0.169271 0.242188 0.169271 0.243164 0.170573 0.25293 0.170573 0.253906 0.171875 0.262695 0.171875 0.263672 0.170573 0.271484 0.170573 0.273438 0.167969 0.274414 0.167969 0.274414 0.157552 0.272461 0.154948 0.268555 0.154948 0.267578 0.153646 0.265625 0.153646 0.264648 0.152344 0.262695 0.152344 0.261719 0.151042 0.258789 0.151042 0.257812 0.14974 0.243164 0.14974 0.242188 0.151042 0.232422 0.151042 0.231445 0.14974 0.229492 0.14974 0.227539 0.147135
0 0.291016 0.179688 0.291992 0.18099 0.297852 0.18099 0.300781 0.184896 0.306641 0.184896 0.305664 0.184896 0.304688 0.183594 0.302734 0.183594 0.299805 0.179688 0.297852 0.179688 0.296875 0.178385 0.292969 0.178385 0.291992 0.179688 0.291016 0.179688 0.282227 0.167969 0.290039 0.164062 0.292969 0.167969 0.293945 0.167969 0.294922 0.169271 0.295898 0.169271 0.296875 0.170573 0.304688 0.170573 0.305664 0.171875 0.307617 0.171875 0.310547 0.175781 0.311523 0.175781 0.314453 0.179688 0.314453 0.18099 0.3125 0.183594 0.311523 0.183594 0.310547 0.184896 0.308594 0.184896 0.30957 0.184896 0.3125 0.188802 0.317383 0.188802 0.318359 0.1875 0.321289 0.1875 0.322266 0.186198 0.327148 0.186198 0.331055 0.18099 0.333008 0.18099 0.333984 0.179688 0.336914 0.179688 0.337891 0.178385 0.339844 0.178385 0.34082 0.177083 0.34375 0.177083 0.344727 0.175781 0.345703 0.175781 0.34668 0.174479 0.347656 0.174479 0.348633 0.173177 0.349609 0.173177 0.349609 0.171875 0.348633 0.170573 0.348633 0.169271 0.347656 0.167969 0.34668 0.167969 0.345703 0.166667 0.344727 0.166667 0.342773 0.164062 0.34082 0.164062 0.339844 0.16276 0.338867 0.16276 0.337891 0.161458 0.336914 0.161458 0.334961 0.158854 0.333008 0.158854 0.332031 0.157552 0.331055 0.157552 0.329102 0.154948 0.327148 0.154948 0.326172 0.153646 0.321289 0.153646 0.320312 0.152344 0.297852 0.152344 0.296875 0.153646 0.295898 0.153646 0.294922 0.154948 0.291016 0.154948 0.290039 0.15625 0.290039 0.158854 0.289062 0.160156 0.290039 0.161458 0.290039 0.164062 0.282227 0.167969 0.28125 0.166667 0.28125 0.165365 0.27832 0.161458 0.27832 0.160156 0.277344 0.158854 0.275391 0.158854 0.275391 0.169271 0.279297 0.169271 0.280273 0.167969 0.282227 0.167969
