0 0.542969 0.49349 0.542969 0.507812 0.543945 0.509115 0.543945 0.510417 0.544922 0.511719 0.544922 0.513021 0.545898 0.514323 0.545898 0.519531 0.547852 0.522135 0.548828 0.522135 0.551758 0.526042 0.552734 0.526042 0.553711 0.527344 0.554688 0.527344 0.555664 0.528646 0.557617 0.528646 0.558594 0.529948 0.561523 0.529948 0.5625 0.53125 0.563477 0.53125 0.564453 0.532552 0.566406 0.532552 0.567383 0.533854 0.597656 0.533854 0.598633 0.532552 0.601562 0.532552 0.604492 0.528646 0.604492 0.526042 0.603516 0.52474 0.603516 0.523438 0.597656 0.515625 0.59668 0.515625 0.591797 0.509115 0.59082 0.509115 0.587891 0.505208 0.586914 0.505208 0.585938 0.503906 0.584961 0.503906 0.583984 0.502604 0.583008 0.502604 0.581055 0.5 0.579102 0.5 0.578125 0.498698 0.577148 0.498698 0.576172 0.497396 0.575195 0.497396 0.574219 0.496094 0.571289 0.496094 0.570312 0.494792 0.56543 0.494792 0.564453 0.49349
0 0.512695 0.503906 0.511719 0.505208 0.510742 0.505208 0.510742 0.50651 0.507812 0.510417 0.507812 0.511719 0.505859 0.514323 0.504883 0.514323 0.503906 0.515625 0.503906 0.518229 0.50293 0.519531 0.50293 0.520833 0.500977 0.523438 0.500977 0.52474 0.496094 0.53125 0.496094 0.532552 0.495117 0.533854 0.492188 0.533854 0.489258 0.529948 0.488281 0.529948 0.488281 0.542969 0.489258 0.544271 0.489258 0.545573 0.491211 0.548177 0.491211 0.550781 0.492188 0.552083 0.493164 0.552083 0.494141 0.553385 0.494141 0.554688 0.495117 0.55599 0.49707 0.55599 0.498047 0.557292 0.498047 0.558594 0.499023 0.559896 0.50293 0.559896 0.503906 0.561198 0.513672 0.561198 0.514648 0.559896 0.529297 0.559896 0.530273 0.561198 0.546875 0.561198 0.547852 0.5625 0.578125 0.5625 0.580078 0.559896 0.579102 0.558594 0.579102 0.55599 0.576172 0.552083 0.576172 0.550781 0.574219 0.548177 0.574219 0.546875 0.572266 0.544271 0.572266 0.542969 0.567383 0.536458 0.564453 0.536458 0.563477 0.535156 0.5625 0.535156 0.561523 0.533854 0.560547 0.533854 0.55957 0.532552 0.557617 0.532552 0.556641 0.53125 0.554688 0.53125 0.553711 0.529948 0.553711 0.528646 0.551758 0.526042 0.550781 0.526042 0.544922 0.518229 0.544922 0.515625 0.543945 0.514323 0.543945 0.513021 0.542969 0.511719 0.542969 0.510417 0.541016 0.507812 0.539062 0.507812 0.538086 0.50651 0.535156 0.50651 0.53418 0.505208 0.53125 0.505208 0.530273 0.50651 0.529297 0.50651 0.52832 0.505208 0.527344 0.505208 0.526367 0.503906
0 0.542969 0.49349 0.542969 0.507812 0.543945 0.509115 0.543945 0.510417 0.544922 0.511719 0.544922 0.513021 0.545898 0.514323 0.545898 0.519531 0.547852 0.522135 0.548828 0.522135 0.551758 0.526042 0.552734 0.526042 0.553711 0.527344 0.554688 0.527344 0.555664 0.528646 0.557617 0.528646 0.558594 0.529948 0.561523 0.529948 0.5625 0.53125 0.563477 0.53125 0.564453 0.532552 0.566406 0.532552 0.567383 0.533854 0.597656 0.533854 0.598633 0.532552 0.601562 0.532552 0.604492 0.528646 0.604492 0.526042 0.603516 0.52474 0.603516 0.523438 0.597656 0.515625 0.59668 0.515625 0.591797 0.509115 0.59082 0.509115 0.587891 0.505208 0.586914 0.505208 0.585938 0.503906 0.584961 0.503906 0.583984 0.502604 0.583008 0.502604 0.581055 0.5 0.579102 0.5 0.578125 0.498698 0.577148 0.498698 0.576172 0.497396 0.575195 0.497396 0.574219 0.496094 0.571289 0.496094 0.570312 0.494792 0.56543 0.494792 0.564453 0.49349
0 0.512695 0.503906 0.511719 0.505208 0.510742 0.505208 0.510742 0.50651 0.507812 0.510417 0.507812 0.511719 0.505859 0.514323 0.504883 0.514323 0.503906 0.515625 0.503906 0.518229 0.50293 0.519531 0.50293 0.520833 0.500977 0.523438 0.500977 0.52474 0.496094 0.53125 0.496094 0.532552 0.495117 0.533854 0.492188 0.533854 0.489258 0.529948 0.488281 0.529948 0.488281 0.542969 0.489258 0.544271 0.489258 0.545573 0.491211 0.548177 0.491211 0.550781 0.492188 0.552083 0.493164 0.552083 0.494141 0.553385 0.494141 0.554688 0.495117 0.55599 0.49707 0.55599 0.498047 0.557292 0.498047 0.558594 0.499023 0.559896 0.50293 0.559896 0.503906 0.561198 0.513672 0.561198 0.514648 0.559896 0.529297 0.559896 0.530273 0.561198 0.546875 0.561198 0.547852 0.5625 0.578125 0.5625 0.580078 0.559896 0.579102 0.558594 0.579102 0.55599 0.576172 0.552083 0.576172 0.550781 0.574219 0.548177 0.574219 0.546875 0.572266 0.544271 0.572266 0.542969 0.567383 0.536458 0.564453 0.536458 0.563477 0.535156 0.5625 0.535156 0.561523 0.533854 0.560547 0.533854 0.55957 0.532552 0.557617 0.532552 0.556641 0.53125 0.554688 0.53125 0.553711 0.529948 0.553711 0.528646 0.551758 0.526042 0.550781 0.526042 0.544922 0.518229 0.544922 0.515625 0.543945 0.514323 0.543945 0.513021 0.542969 0.511719 0.542969 0.510417 0.541016 0.507812 0.539062 0.507812 0.538086 0.50651 0.535156 0.50651 0.53418 0.505208 0.53125 0.505208 0.530273 0.50651 0.529297 0.50651 0.52832 0.505208 0.527344 0.505208 0.526367 0.503906
0 0.542969 0.49349 0.542969 0.507812 0.543945 0.509115 0.543945 0.510417 0.544922 0.511719 0.544922 0.513021 0.545898 0.514323 0.545898 0.519531 0.547852 0.522135 0.548828 0.522135 0.551758 0.526042 0.552734 0.526042 0.553711 0.527344 0.554688 0.527344 0.555664 0.528646 0.557617 0.528646 0.558594 0.529948 0.561523 0.529948 0.5625 0.53125 0.563477 0.53125 0.564453 0.532552 0.566406 0.532552 0.567383 0.533854 0.597656 0.533854 0.598633 0.532552 0.601562 0.532552 0.604492 0.528646 0.604492 0.526042 0.603516 0.52474 0.603516 0.523438 0.597656 0.515625 0.59668 0.515625 0.591797 0.509115 0.59082 0.509115 0.587891 0.505208 0.586914 0.505208 0.585938 0.503906 0.584961 0.503906 0.583984 0.502604 0.583008 0.502604 0.581055 0.5 0.579102 0.5 0.578125 0.498698 0.577148 0.498698 0.576172 0.497396 0.575195 0.497396 0.574219 0.496094 0.571289 0.496094 0.570312 0.494792 0.56543 0.494792 0.564453 0.49349
0 0.512695 0.503906 0.511719 0.505208 0.510742 0.505208 0.510742 0.50651 0.507812 0.510417 0.507812 0.511719 0.505859 0.514323 0.504883 0.514323 0.503906 0.515625 0.503906 0.518229 0.50293 0.519531 0.50293 0.520833 0.500977 0.523438 0.500977 0.52474 0.496094 0.53125 0.496094 0.532552 0.495117 0.533854 0.492188 0.533854 0.489258 0.529948 0.488281 0.529948 0.488281 0.542969 0.489258 0.544271 0.489258 0.545573 0.491211 0.548177 0.491211 0.550781 0.492188 0.552083 0.493164 0.552083 0.494141 0.553385 0.494141 0.554688 0.495117 0.55599 0.49707 0.55599 0.498047 0.557292 0.498047 0.558594 0.499023 0.559896 0.50293 0.559896 0.503906 0.561198 0.513672 0.561198 0.514648 0.559896 0.529297 0.559896 0.530273 0.561198 0.546875 0.561198 0.547852 0.5625 0.578125 0.5625 0.580078 0.559896 0.579102 0.558594 0.579102 0.55599 0.576172 0.552083 0.576172 0.550781 0.574219 0.548177 0.574219 0.546875 0.572266 0.544271 0.572266 0.542969 0.567383 0.536458 0.564453 0.536458 0.563477 0.535156 0.5625 0.535156 0.561523 0.533854 0.560547 0.533854 0.55957 0.532552 0.557617 0.532552 0.556641 0.53125 0.554688 0.53125 0.553711 0.529948 0.553711 0.528646 0.551758 0.526042 0.550781 0.526042 0.544922 0.518229 0.544922 0.515625 0.543945 0.514323 0.543945 0.513021 0.542969 0.511719 0.542969 0.510417 0.541016 0.507812 0.539062 0.507812 0.538086 0.50651 0.535156 0.50651 0.53418 0.505208 0.53125 0.505208 0.530273 0.50651 0.529297 0.50651 0.52832 0.505208 0.527344 0.505208 0.526367 0.503906
0 0.542969 0.49349 0.542969 0.507812 0.543945 0.509115 0.543945 0.510417 0.544922 0.511719 0.544922 0.513021 0.545898 0.514323 0.545898 0.519531 0.547852 0.522135 0.548828 0.522135 0.551758 0.526042 0.552734 0.526042 0.553711 0.527344 0.554688 0.527344 0.555664 0.528646 0.557617 0.528646 0.558594 0.529948 0.561523 0.529948 0.5625 0.53125 0.563477 0.53125 0.564453 0.532552 0.566406 0.532552 0.567383 0.533854 0.597656 0.533854 0.598633 0.532552 0.601562 0.532552 0.604492 0.528646 0.604492 0.526042 0.603516 0.52474 0.603516 0.523438 0.597656 0.515625 0.59668 0.515625 0.591797 0.509115 0.59082 0.509115 0.587891 0.505208 0.586914 0.505208 0.585938 0.503906 0.584961 0.503906 0.583984 0.502604 0.583008 0.502604 0.581055 0.5 0.579102 0.5 0.578125 0.498698 0.577148 0.498698 0.576172 0.497396 0.575195 0.497396 0.574219 0.496094 0.571289 0.496094 0.570312 0.494792 0.56543 0.494792 0.564453 0.49349
0 0.512695 0.503906 0.511719 0.505208 0.510742 0.505208 0.510742 0.50651 0.507812 0.510417 0.507812 0.511719 0.505859 0.514323 0.504883 0.514323 0.503906 0.515625 0.503906 0.518229 0.50293 0.519531 0.50293 0.520833 0.500977 0.523438 0.500977 0.52474 0.496094 0.53125 0.496094 0.532552 0.495117 0.533854 0.492188 0.533854 0.489258 0.529948 0.488281 0.529948 0.488281 0.542969 0.489258 0.544271 0.489258 0.545573 0.491211 0.548177 0.491211 0.550781 0.492188 0.552083 0.493164 0.552083 0.494141 0.553385 0.494141 0.554688 0.495117 0.55599 0.49707 0.55599 0.498047 0.557292 0.498047 0.558594 0.499023 0.559896 0.50293 0.559896 0.503906 0.561198 0.513672 0.561198 0.514648 0.559896 0.529297 0.559896 0.530273 0.561198 0.546875 0.561198 0.547852 0.5625 0.578125 0.5625 0.580078 0.559896 0.579102 0.558594 0.579102 0.55599 0.576172 0.552083 0.576172 0.550781 0.574219 0.548177 0.574219 0.546875 0.572266 0.544271 0.572266 0.542969 0.567383 0.536458 0.564453 0.536458 0.563477 0.535156 0.5625 0.535156 0.561523 0.533854 0.560547 0.533854 0.55957 0.532552 0.557617 0.532552 0.556641 0.53125 0.554688 0.53125 0.553711 0.529948 0.553711 0.528646 0.551758 0.526042 0.550781 0.526042 0.544922 0.518229 0.544922 0.515625 0.543945 0.514323 0.543945 0.513021 0.542969 0.511719 0.542969 0.510417 0.541016 0.507812 0.539062 0.507812 0.538086 0.50651 0.535156 0.50651 0.53418 0.505208 0.53125 0.505208 0.530273 0.50651 0.529297 0.50651 0.52832 0.505208 0.527344 0.505208 0.526367 0.503906
0 0.542969 0.49349 0.542969 0.507812 0.543945 0.509115 0.543945 0.510417 0.544922 0.511719 0.544922 0.513021 0.545898 0.514323 0.545898 0.519531 0.547852 0.522135 0.548828 0.522135 0.551758 0.526042 0.552734 0.526042 0.553711 0.527344 0.554688 0.527344 0.555664 0.528646 0.557617 0.528646 0.558594 0.529948 0.561523 0.529948 0.5625 0.53125 0.563477 0.53125 0.564453 0.532552 0.566406 0.532552 0.567383 0.533854 0.597656 0.533854 0.598633 0.532552 0.601562 0.532552 0.604492 0.528646 0.604492 0.526042 0.603516 0.52474 0.603516 0.523438 0.597656 0.515625 0.59668 0.515625 0.591797 0.509115 0.59082 0.509115 0.587891 0.505208 0.586914 0.505208 0.585938 0.503906 0.584961 0.503906 0.583984 0.502604 0.583008 0.502604 0.581055 0.5 0.579102 0.5 0.578125 0.498698 0.577148 0.498698 0.576172 0.497396 0.575195 0.497396 0.574219 0.496094 0.571289 0.496094 0.570312 0.494792 0.56543 0.494792 0.564453 0.49349
0 0.512695 0.503906 0.511719 0.505208 0.510742 0.505208 0.510742 0.50651 0.507812 0.510417 0.507812 0.511719 0.505859 0.514323 0.504883 0.514323 0.503906 0.515625 0.503906 0.518229 0.50293 0.519531 0.50293 0.520833 0.500977 0.523438 0.500977 0.52474 0.496094 0.53125 0.496094 0.532552 0.495117 0.533854 0.492188 0.533854 0.489258 0.529948 0.488281 0.529948 0.488281 0.542969 0.489258 0.544271 0.489258 0.545573 0.491211 0.548177 0.491211 0.550781 0.492188 0.552083 0.493164 0.552083 0.494141 0.553385 0.494141 0.554688 0.495117 0.55599 0.49707 0.55599 0.498047 0.557292 0.498047 0.558594 0.499023 0.559896 0.50293 0.559896 0.503906 0.561198 0.513672 0.561198 0.514648 0.559896 0.529297 0.559896 0.530273 0.561198 0.546875 0.561198 0.547852 0.5625 0.578125 0.5625 0.580078 0.559896 0.579102 0.558594 0.579102 0.55599 0.576172 0.552083 0.576172 0.550781 0.574219 0.548177 0.574219 0.546875 0.572266 0.544271 0.572266 0.542969 0.567383 0.536458 0.564453 0.536458 0.563477 0.535156 0.5625 0.535156 0.561523 0.533854 0.560547 0.533854 0.55957 0.532552 0.557617 0.532552 0.556641 0.53125 0.554688 0.53125 0.553711 0.529948 0.553711 0.528646 0.551758 0.526042 0.550781 0.526042 0.544922 0.518229 0.544922 0.515625 0.543945 0.514323 0.543945 0.513021 0.542969 0.511719 0.542969 0.510417 0.541016 0.507812 0.539062 0.507812 0.538086 0.50651 0.535156 0.50651 0.53418 0.505208 0.53125 0.505208 0.530273 0.50651 0.529297 0.50651 0.52832 0.505208 0.527344 0.505208 0.526367 0.503906
0 0.542969 0.49349 0.542969 0.507812 0.543945 0.509115 0.543945 0.510417 0.544922 0.511719 0.544922 0.513021 0.545898 0.514323 0.545898 0.519531 0.547852 0.522135 0.548828 0.522135 0.551758 0.526042 0.552734 0.526042 0.553711 0.527344 0.554688 0.527344 0.555664 0.528646 0.557617 0.528646 0.558594 0.529948 0.561523 0.529948 0.5625 0.53125 0.563477 0.53125 0.564453 0.532552 0.566406 0.532552 0.567383 0.533854 0.597656 0.533854 0.598633 0.532552 0.601562 0.532552 0.604492 0.528646 0.604492 0.526042 0.603516 0.52474 0.603516 0.523438 0.597656 0.515625 0.59668 0.515625 0.591797 0.509115 0.59082 0.509115 0.587891 0.505208 0.586914 0.505208 0.585938 0.503906 0.584961 0.503906 0.583984 0.502604 0.583008 0.502604 0.581055 0.5 0.579102 0.5 0.578125 0.498698 0.577148 0.498698 0.576172 0.497396 0.575195 0.497396 0.574219 0.496094 0.571289 0.496094 0.570312 0.494792 0.56543 0.494792 0.564453 0.49349
0 0.512695 0.503906 0.511719 0.505208 0.510742 0.505208 0.510742 0.50651 0.507812 0.510417 0.507812 0.511719 0.505859 0.514323 0.504883 0.514323 0.503906 0.515625 0.503906 0.518229 0.50293 0.519531 0.50293 0.520833 0.500977 0.523438 0.500977 0.52474 0.496094 0.53125 0.496094 0.532552 0.495117 0.533854 0.492188 0.533854 0.489258 0.529948 0.488281 0.529948 0.488281 0.542969 0.489258 0.544271 0.489258 0.545573 0.491211 0.548177 0.491211 0.550781 0.492188 0.552083 0.493164 0.552083 0.494141 0.553385 0.494141 0.554688 0.495117 0.55599 0.49707 0.55599 0.498047 0.557292 0.498047 0.558594 0.499023 0.559896 0.50293 0.559896 0.503906 0.561198 0.513672 0.561198 0.514648 0.559896 0.529297 0.559896 0.530273 0.561198 0.546875 0.561198 0.547852 0.5625 0.578125 0.5625 0.580078 0.559896 0.579102 0.558594 0.579102 0.55599 0.576172 0.552083 0.576172 0.550781 0.574219 0.548177 0.574219 0.546875 0.572266 0.544271 0.572266 0.542969 0.567383 0.536458 0.564453 0.536458 0.563477 0.535156 0.5625 0.535156 0.561523 0.533854 0.560547 0.533854 0.55957 0.532552 0.557617 0.532552 0.556641 0.53125 0.554688 0.53125 0.553711 0.529948 0.553711 0.528646 0.551758 0.526042 0.550781 0.526042 0.544922 0.518229 0.544922 0.515625 0.543945 0.514323 0.543945 0.513021 0.542969 0.511719 0.542969 0.510417 0.541016 0.507812 0.539062 0.507812 0.538086 0.50651 0.535156 0.50651 0.53418 0.505208 0.53125 0.505208 0.530273 0.50651 0.529297 0.50651 0.52832 0.505208 0.527344 0.505208 0.526367 0.503906
0 0.542969 0.49349 0.542969 0.507812 0.543945 0.509115 0.543945 0.510417 0.544922 0.511719 0.544922 0.513021 0.545898 0.514323 0.545898 0.519531 0.547852 0.522135 0.548828 0.522135 0.551758 0.526042 0.552734 0.526042 0.553711 0.527344 0.554688 0.527344 0.555664 0.528646 0.557617 0.528646 0.558594 0.529948 0.561523 0.529948 0.5625 0.53125 0.563477 0.53125 0.564453 0.532552 0.566406 0.532552 0.567383 0.533854 0.597656 0.533854 0.598633 0.532552 0.601562 0.532552 0.604492 0.528646 0.604492 0.526042 0.603516 0.52474 0.603516 0.523438 0.597656 0.515625 0.59668 0.515625 0.591797 0.509115 0.59082 0.509115 0.587891 0.505208 0.586914 0.505208 0.585938 0.503906 0.584961 0.503906 0.583984 0.502604 0.583008 0.502604 0.581055 0.5 0.579102 0.5 0.578125 0.498698 0.577148 0.498698 0.576172 0.497396 0.575195 0.497396 0.574219 0.496094 0.571289 0.496094 0.570312 0.494792 0.56543 0.494792 0.564453 0.49349
0 0.512695 0.503906 0.511719 0.505208 0.510742 0.505208 0.510742 0.50651 0.507812 0.510417 0.507812 0.511719 0.505859 0.514323 0.504883 0.514323 0.503906 0.515625 0.503906 0.518229 0.50293 0.519531 0.50293 0.520833 0.500977 0.523438 0.500977 0.52474 0.496094 0.53125 0.496094 0.532552 0.495117 0.533854 0.492188 0.533854 0.489258 0.529948 0.488281 0.529948 0.488281 0.542969 0.489258 0.544271 0.489258 0.545573 0.491211 0.548177 0.491211 0.550781 0.492188 0.552083 0.493164 0.552083 0.494141 0.553385 0.494141 0.554688 0.495117 0.55599 0.49707 0.55599 0.498047 0.557292 0.498047 0.558594 0.499023 0.559896 0.50293 0.559896 0.503906 0.561198 0.513672 0.561198 0.514648 0.559896 0.529297 0.559896 0.530273 0.561198 0.546875 0.561198 0.547852 0.5625 0.578125 0.5625 0.580078 0.559896 0.579102 0.558594 0.579102 0.55599 0.576172 0.552083 0.576172 0.550781 0.574219 0.548177 0.574219 0.546875 0.572266 0.544271 0.572266 0.542969 0.567383 0.536458 0.564453 0.536458 0.563477 0.535156 0.5625 0.535156 0.561523 0.533854 0.560547 0.533854 0.55957 0.532552 0.557617 0.532552 0.556641 0.53125 0.554688 0.53125 0.553711 0.529948 0.553711 0.528646 0.551758 0.526042 0.550781 0.526042 0.544922 0.518229 0.544922 0.515625 0.543945 0.514323 0.543945 0.513021 0.542969 0.511719 0.542969 0.510417 0.541016 0.507812 0.539062 0.507812 0.538086 0.50651 0.535156 0.50651 0.53418 0.505208 0.53125 0.505208 0.530273 0.50651 0.529297 0.50651 0.52832 0.505208 0.527344 0.505208 0.526367 0.503906
0 0.542969 0.49349 0.542969 0.507812 0.543945 0.509115 0.543945 0.510417 0.544922 0.511719 0.544922 0.513021 0.545898 0.514323 0.545898 0.519531 0.547852 0.522135 0.548828 0.522135 0.551758 0.526042 0.552734 0.526042 0.553711 0.527344 0.554688 0.527344 0.555664 0.528646 0.557617 0.528646 0.558594 0.529948 0.561523 0.529948 0.5625 0.53125 0.563477 0.53125 0.564453 0.532552 0.566406 0.532552 0.567383 0.533854 0.597656 0.533854 0.598633 0.532552 0.601562 0.532552 0.604492 0.528646 0.604492 0.526042 0.603516 0.52474 0.603516 0.523438 0.597656 0.515625 0.59668 0.515625 0.591797 0.509115 0.59082 0.509115 0.587891 0.505208 0.586914 0.505208 0.585938 0.503906 0.584961 0.503906 0.583984 0.502604 0.583008 0.502604 0.581055 0.5 0.579102 0.5 0.578125 0.498698 0.577148 0.498698 0.576172 0.497396 0.575195 0.497396 0.574219 0.496094 0.571289 0.496094 0.570312 0.494792 0.56543 0.494792 0.564453 0.49349
0 0.512695 0.503906 0.511719 0.505208 0.510742 0.505208 0.510742 0.50651 0.507812 0.510417 0.507812 0.511719 0.505859 0.514323 0.504883 0.514323 0.503906 0.515625 0.503906 0.518229 0.50293 0.519531 0.50293 0.520833 0.500977 0.523438 0.500977 0.52474 0.496094 0.53125 0.496094 0.532552 0.495117 0.533854 0.492188 0.533854 0.489258 0.529948 0.488281 0.529948 0.488281 0.542969 0.489258 0.544271 0.489258 0.545573 0.491211 0.548177 0.491211 0.550781 0.492188 0.552083 0.493164 0.552083 0.494141 0.553385 0.494141 0.554688 0.495117 0.55599 0.49707 0.55599 0.498047 0.557292 0.498047 0.558594 0.499023 0.559896 0.50293 0.559896 0.503906 0.561198 0.513672 0.561198 0.514648 0.559896 0.529297 0.559896 0.530273 0.561198 0.546875 0.561198 0.547852 0.5625 0.578125 0.5625 0.580078 0.559896 0.579102 0.558594 0.579102 0.55599 0.576172 0.552083 0.576172 0.550781 0.574219 0.548177 0.574219 0.546875 0.572266 0.544271 0.572266 0.542969 0.567383 0.536458 0.564453 0.536458 0.563477 0.535156 0.5625 0.535156 0.561523 0.533854 0.560547 0.533854 0.55957 0.532552 0.557617 0.532552 0.556641 0.53125 0.554688 0.53125 0.553711 0.529948 0.553711 0.528646 0.551758 0.526042 0.550781 0.526042 0.544922 0.518229 0.544922 0.515625 0.543945 0.514323 0.543945 0.513021 0.542969 0.511719 0.542969 0.510417 0.541016 0.507812 0.539062 0.507812 0.538086 0.50651 0.535156 0.50651 0.53418 0.505208 0.53125 0.505208 0.530273 0.50651 0.529297 0.50651 0.52832 0.505208 0.527344 0.505208 0.526367 0.503906
0 0.542969 0.49349 0.542969 0.507812 0.543945 0.509115 0.543945 0.510417 0.544922 0.511719 0.544922 0.513021 0.545898 0.514323 0.545898 0.519531 0.547852 0.522135 0.548828 0.522135 0.551758 0.526042 0.552734 0.526042 0.553711 0.527344 0.554688 0.527344 0.555664 0.528646 0.557617 0.528646 0.558594 0.529948 0.561523 0.529948 0.5625 0.53125 0.563477 0.53125 0.564453 0.532552 0.566406 0.532552 0.567383 0.533854 0.597656 0.533854 0.598633 0.532552 0.601562 0.532552 0.604492 0.528646 0.604492 0.526042 0.603516 0.52474 0.603516 0.523438 0.597656 0.515625 0.59668 0.515625 0.591797 0.509115 0.59082 0.509115 0.587891 0.505208 0.586914 0.505208 0.585938 0.503906 0.584961 0.503906 0.583984 0.502604 0.583008 0.502604 0.581055 0.5 0.579102 0.5 0.578125 0.498698 0.577148 0.498698 0.576172 0.497396 0.575195 0.497396 0.574219 0.496094 0.571289 0.496094 0.570312 0.494792 0.56543 0.494792 0.564453 0.49349
0 0.512695 0.503906 0.511719 0.505208 0.510742 0.505208 0.510742 0.50651 0.507812 0.510417 0.507812 0.511719 0.505859 0.514323 0.504883 0.514323 0.503906 0.515625 0.503906 0.518229 0.50293 0.519531 0.50293 0.520833 0.500977 0.523438 0.500977 0.52474 0.496094 0.53125 0.496094 0.532552 0.495117 0.533854 0.492188 0.533854 0.489258 0.529948 0.488281 0.529948 0.488281 0.542969 0.489258 0.544271 0.489258 0.545573 0.491211 0.548177 0.491211 0.550781 0.492188 0.552083 0.493164 0.552083 0.494141 0.553385 0.494141 0.554688 0.495117 0.55599 0.49707 0.55599 0.498047 0.557292 0.498047 0.558594 0.499023 0.559896 0.50293 0.559896 0.503906 0.561198 0.513672 0.561198 0.514648 0.559896 0.529297 0.559896 0.530273 0.561198 0.546875 0.561198 0.547852 0.5625 0.578125 0.5625 0.580078 0.559896 0.579102 0.558594 0.579102 0.55599 0.576172 0.552083 0.576172 0.550781 0.574219 0.548177 0.574219 0.546875 0.572266 0.544271 0.572266 0.542969 0.567383 0.536458 0.564453 0.536458 0.563477 0.535156 0.5625 0.535156 0.561523 0.533854 0.560547 0.533854 0.55957 0.532552 0.557617 0.532552 0.556641 0.53125 0.554688 0.53125 0.553711 0.529948 0.553711 0.528646 0.551758 0.526042 0.550781 0.526042 0.544922 0.518229 0.544922 0.515625 0.543945 0.514323 0.543945 0.513021 0.542969 0.511719 0.542969 0.510417 0.541016 0.507812 0.539062 0.507812 0.538086 0.50651 0.535156 0.50651 0.53418 0.505208 0.53125 0.505208 0.530273 0.50651 0.529297 0.50651 0.52832 0.505208 0.527344 0.505208 0.526367 0.503906
