0 0.664062 0.619792 0.661133 0.623698 0.65332 0.623698 0.65332 0.634115 0.666992 0.634115 0.667969 0.635417 0.668945 0.635417 0.669922 0.636719 0.672852 0.636719 0.673828 0.638021 0.676758 0.638021 0.677734 0.639323 0.696289 0.639323 0.697266 0.638021 0.703125 0.638021 0.704102 0.636719 0.707031 0.636719 0.709961 0.632812 0.709961 0.630208 0.707031 0.626302 0.706055 0.626302 0.705078 0.625 0.703125 0.625 0.701172 0.622396 0.700195 0.622396 0.699219 0.621094 0.698242 0.621094 0.697266 0.619792
0 0.668945 0.0182292 0.667969 0.0195312 0.666992 0.0195312 0.666016 0.0208333 0.665039 0.0208333 0.663086 0.0234375 0.662109 0.0234375 0.661133 0.0247396 0.651367 0.0247396 0.650391 0.0234375 0.647461 0.0234375 0.645508 0.0208333 0.644531 0.0208333 0.643555 0.0195312 0.642578 0.0195312 0.642578 0.0299479 0.644531 0.0325521 0.645508 0.0325521 0.647461 0.0351562 0.648438 0.0351562 0.649414 0.0364583 0.650391 0.0364583 0.654297 0.0416667 0.655273 0.0403646 0.658203 0.0403646 0.65918 0.0390625 0.660156 0.0390625 0.661133 0.0377604 0.665039 0.0377604 0.666016 0.0390625 0.669922 0.0390625 0.670898 0.0377604 0.673828 0.0377604 0.674805 0.0364583 0.676758 0.0364583 0.677734 0.0351562 0.678711 0.0351562 0.679688 0.0338542 0.680664 0.0338542 0.681641 0.0325521 0.68457 0.0325521 0.685547 0.03125 0.686523 0.03125 0.6875 0.0299479 0.688477 0.0299479 0.69043 0.0273438 0.691406 0.0273438 0.692383 0.0260417 0.692383 0.0208333 0.69043 0.0182292
0 0.743164 0.611979 0.742188 0.613281 0.735352 0.613281 0.734375 0.614583 0.730469 0.614583 0.729492 0.615885 0.728516 0.615885 0.727539 0.617188 0.726562 0.617188 0.725586 0.61849 0.724609 0.61849 0.723633 0.619792 0.723633 0.63151 0.731445 0.63151 0.732422 0.632812 0.740234 0.632812 0.741211 0.634115 0.776367 0.634115 0.780273 0.628906 0.78125 0.628906 0.783203 0.626302 0.783203 0.625 0.78418 0.623698 0.78418 0.621094 0.783203 0.619792 0.782227 0.619792 0.779297 0.615885 0.777344 0.615885 0.776367 0.614583 0.775391 0.614583 0.774414 0.613281 0.773438 0.613281 0.772461 0.611979
0 0.664062 0.619792 0.661133 0.623698 0.65332 0.623698 0.65332 0.634115 0.666992 0.634115 0.667969 0.635417 0.668945 0.635417 0.669922 0.636719 0.672852 0.636719 0.673828 0.638021 0.676758 0.638021 0.677734 0.639323 0.696289 0.639323 0.697266 0.638021 0.703125 0.638021 0.704102 0.636719 0.707031 0.636719 0.709961 0.632812 0.709961 0.630208 0.707031 0.626302 0.706055 0.626302 0.705078 0.625 0.703125 0.625 0.701172 0.622396 0.700195 0.622396 0.699219 0.621094 0.698242 0.621094 0.697266 0.619792
0 0.668945 0.0182292 0.667969 0.0195312 0.666992 0.0195312 0.666016 0.0208333 0.665039 0.0208333 0.663086 0.0234375 0.662109 0.0234375 0.661133 0.0247396 0.651367 0.0247396 0.650391 0.0234375 0.647461 0.0234375 0.645508 0.0208333 0.644531 0.0208333 0.643555 0.0195312 0.642578 0.0195312 0.642578 0.0299479 0.644531 0.0325521 0.645508 0.0325521 0.647461 0.0351562 0.648438 0.0351562 0.649414 0.0364583 0.650391 0.0364583 0.654297 0.0416667 0.655273 0.0403646 0.658203 0.0403646 0.65918 0.0390625 0.660156 0.0390625 0.661133 0.0377604 0.665039 0.0377604 0.666016 0.0390625 0.669922 0.0390625 0.670898 0.0377604 0.673828 0.0377604 0.674805 0.0364583 0.676758 0.0364583 0.677734 0.0351562 0.678711 0.0351562 0.679688 0.0338542 0.680664 0.0338542 0.681641 0.0325521 0.68457 0.0325521 0.685547 0.03125 0.686523 0.03125 0.6875 0.0299479 0.688477 0.0299479 0.69043 0.0273438 0.691406 0.0273438 0.692383 0.0260417 0.692383 0.0208333 0.69043 0.0182292
0 0.743164 0.611979 0.742188 0.613281 0.735352 0.613281 0.734375 0.614583 0.730469 0.614583 0.729492 0.615885 0.728516 0.615885 0.727539 0.617188 0.726562 0.617188 0.725586 0.61849 0.724609 0.61849 0.723633 0.619792 0.723633 0.63151 0.731445 0.63151 0.732422 0.632812 0.740234 0.632812 0.741211 0.634115 0.776367 0.634115 0.780273 0.628906 0.78125 0.628906 0.783203 0.626302 0.783203 0.625 0.78418 0.623698 0.78418 0.621094 0.783203 0.619792 0.782227 0.619792 0.779297 0.615885 0.777344 0.615885 0.776367 0.614583 0.775391 0.614583 0.774414 0.613281 0.773438 0.613281 0.772461 0.611979
0 0.664062 0.619792 0.661133 0.623698 0.65332 0.623698 0.65332 0.634115 0.666992 0.634115 0.667969 0.635417 0.668945 0.635417 0.669922 0.636719 0.672852 0.636719 0.673828 0.638021 0.676758 0.638021 0.677734 0.639323 0.696289 0.639323 0.697266 0.638021 0.703125 0.638021 0.704102 0.636719 0.707031 0.636719 0.709961 0.632812 0.709961 0.630208 0.707031 0.626302 0.706055 0.626302 0.705078 0.625 0.703125 0.625 0.701172 0.622396 0.700195 0.622396 0.699219 0.621094 0.698242 0.621094 0.697266 0.619792
0 0.668945 0.0182292 0.667969 0.0195312 0.666992 0.0195312 0.666016 0.0208333 0.665039 0.0208333 0.663086 0.0234375 0.662109 0.0234375 0.661133 0.0247396 0.651367 0.0247396 0.650391 0.0234375 0.647461 0.0234375 0.645508 0.0208333 0.644531 0.0208333 0.643555 0.0195312 0.642578 0.0195312 0.642578 0.0299479 0.644531 0.0325521 0.645508 0.0325521 0.647461 0.0351562 0.648438 0.0351562 0.649414 0.0364583 0.650391 0.0364583 0.654297 0.0416667 0.655273 0.0403646 0.658203 0.0403646 0.65918 0.0390625 0.660156 0.0390625 0.661133 0.0377604 0.665039 0.0377604 0.666016 0.0390625 0.669922 0.0390625 0.670898 0.0377604 0.673828 0.0377604 0.674805 0.0364583 0.676758 0.0364583 0.677734 0.0351562 0.678711 0.0351562 0.679688 0.0338542 0.680664 0.0338542 0.681641 0.0325521 0.68457 0.0325521 0.685547 0.03125 0.686523 0.03125 0.6875 0.0299479 0.688477 0.0299479 0.69043 0.0273438 0.691406 0.0273438 0.692383 0.0260417 0.692383 0.0208333 0.69043 0.0182292
0 0.743164 0.611979 0.742188 0.613281 0.735352 0.613281 0.734375 0.614583 0.730469 0.614583 0.729492 0.615885 0.728516 0.615885 0.727539 0.617188 0.726562 0.617188 0.725586 0.61849 0.724609 0.61849 0.723633 0.619792 0.723633 0.63151 0.731445 0.63151 0.732422 0.632812 0.740234 0.632812 0.741211 0.634115 0.776367 0.634115 0.780273 0.628906 0.78125 0.628906 0.783203 0.626302 0.783203 0.625 0.78418 0.623698 0.78418 0.621094 0.783203 0.619792 0.782227 0.619792 0.779297 0.615885 0.777344 0.615885 0.776367 0.614583 0.775391 0.614583 0.774414 0.613281 0.773438 0.613281 0.772461 0.611979
0 0.664062 0.619792 0.661133 0.623698 0.65332 0.623698 0.65332 0.634115 0.666992 0.634115 0.667969 0.635417 0.668945 0.635417 0.669922 0.636719 0.672852 0.636719 0.673828 0.638021 0.676758 0.638021 0.677734 0.639323 0.696289 0.639323 0.697266 0.638021 0.703125 0.638021 0.704102 0.636719 0.707031 0.636719 0.709961 0.632812 0.709961 0.630208 0.707031 0.626302 0.706055 0.626302 0.705078 0.625 0.703125 0.625 0.701172 0.622396 0.700195 0.622396 0.699219 0.621094 0.698242 0.621094 0.697266 0.619792
0 0.668945 0.0182292 0.667969 0.0195312 0.666992 0.0195312 0.666016 0.0208333 0.665039 0.0208333 0.663086 0.0234375 0.662109 0.0234375 0.661133 0.0247396 0.651367 0.0247396 0.650391 0.0234375 0.647461 0.0234375 0.645508 0.0208333 0.644531 0.0208333 0.643555 0.0195312 0.642578 0.0195312 0.642578 0.0299479 0.644531 0.0325521 0.645508 0.0325521 0.647461 0.0351562 0.648438 0.0351562 0.649414 0.0364583 0.650391 0.0364583 0.654297 0.0416667 0.655273 0.0403646 0.658203 0.0403646 0.65918 0.0390625 0.660156 0.0390625 0.661133 0.0377604 0.665039 0.0377604 0.666016 0.0390625 0.669922 0.0390625 0.670898 0.0377604 0.673828 0.0377604 0.674805 0.0364583 0.676758 0.0364583 0.677734 0.0351562 0.678711 0.0351562 0.679688 0.0338542 0.680664 0.0338542 0.681641 0.0325521 0.68457 0.0325521 0.685547 0.03125 0.686523 0.03125 0.6875 0.0299479 0.688477 0.0299479 0.69043 0.0273438 0.691406 0.0273438 0.692383 0.0260417 0.692383 0.0208333 0.69043 0.0182292
0 0.743164 0.611979 0.742188 0.613281 0.735352 0.613281 0.734375 0.614583 0.730469 0.614583 0.729492 0.615885 0.728516 0.615885 0.727539 0.617188 0.726562 0.617188 0.725586 0.61849 0.724609 0.61849 0.723633 0.619792 0.723633 0.63151 0.731445 0.63151 0.732422 0.632812 0.740234 0.632812 0.741211 0.634115 0.776367 0.634115 0.780273 0.628906 0.78125 0.628906 0.783203 0.626302 0.783203 0.625 0.78418 0.623698 0.78418 0.621094 0.783203 0.619792 0.782227 0.619792 0.779297 0.615885 0.777344 0.615885 0.776367 0.614583 0.775391 0.614583 0.774414 0.613281 0.773438 0.613281 0.772461 0.611979
