0 0.270508 0.44401 0.270508 0.455729 0.271484 0.455729 0.272461 0.457031 0.274414 0.457031 0.275391 0.458333 0.277344 0.458333 0.27832 0.459635 0.28125 0.459635 0.282227 0.460938 0.28418 0.460938 0.285156 0.46224 0.286133 0.46224 0.287109 0.463542 0.289062 0.463542 0.290039 0.464844 0.291992 0.464844 0.292969 0.466146 0.294922 0.466146 0.295898 0.467448 0.296875 0.467448 0.297852 0.46875 0.298828 0.46875 0.299805 0.470052 0.316406 0.470052 0.317383 0.46875 0.318359 0.46875 0.319336 0.467448 0.320312 0.467448 0.321289 0.466146 0.321289 0.463542 0.320312 0.46224 0.320312 0.460938 0.319336 0.459635 0.318359 0.459635 0.316406 0.457031 0.314453 0.457031 0.3125 0.454427 0.311523 0.454427 0.310547 0.453125 0.308594 0.453125 0.307617 0.451823 0.306641 0.451823 0.305664 0.450521 0.303711 0.450521 0.302734 0.449219 0.298828 0.449219 0.297852 0.447917 0.295898 0.447917 0.294922 0.446615 0.292969 0.446615 0.291992 0.445312 0.288086 0.445312 0.287109 0.44401 0.28125 0.44401 0.280273 0.445312 0.27832 0.445312 0.277344 0.44401
0 0.34082 0.359375 0.34082 0.360677 0.341797 0.361979 0.341797 0.363281 0.342773 0.364583 0.34082 0.367188 0.339844 0.367188 0.338867 0.36849 0.337891 0.367188 0.337891 0.380208 0.34082 0.376302 0.345703 0.376302 0.34668 0.377604 0.348633 0.377604 0.350586 0.380208 0.351562 0.380208 0.352539 0.38151 0.353516 0.38151 0.354492 0.382812 0.356445 0.382812 0.357422 0.384115 0.359375 0.384115 0.360352 0.385417 0.362305 0.385417 0.363281 0.386719 0.366211 0.386719 0.367188 0.388021 0.379883 0.388021 0.380859 0.386719 0.382812 0.386719 0.384766 0.384115 0.384766 0.380208 0.381836 0.376302 0.380859 0.376302 0.376953 0.371094 0.375977 0.371094 0.375 0.369792 0.374023 0.369792 0.37207 0.367188 0.371094 0.367188 0.370117 0.365885 0.369141 0.365885 0.368164 0.364583 0.366211 0.364583 0.365234 0.363281 0.362305 0.363281 0.361328 0.361979 0.354492 0.361979 0.353516 0.363281 0.34375 0.363281 0.342773 0.361979 0.342773 0.360677 0.341797 0.359375
0 0.358398 0.28776 0.357422 0.289062 0.356445 0.289062 0.355469 0.290365 0.354492 0.290365 0.353516 0.291667 0.352539 0.291667 0.351562 0.292969 0.347656 0.292969 0.34668 0.294271 0.34375 0.294271 0.342773 0.295573 0.341797 0.295573 0.34082 0.296875 0.339844 0.296875 0.338867 0.298177 0.333984 0.298177 0.333008 0.296875 0.332031 0.296875 0.332031 0.311198 0.333008 0.311198 0.333984 0.309896 0.335938 0.309896 0.336914 0.308594 0.337891 0.308594 0.338867 0.307292 0.339844 0.308594 0.342773 0.308594 0.34375 0.309896 0.354492 0.309896 0.355469 0.308594 0.358398 0.308594 0.359375 0.307292 0.362305 0.307292 0.363281 0.30599 0.364258 0.30599 0.365234 0.304688 0.366211 0.304688 0.367188 0.303385 0.368164 0.303385 0.369141 0.302083 0.370117 0.302083 0.371094 0.300781 0.37207 0.300781 0.374023 0.298177 0.375 0.298177 0.376953 0.295573 0.376953 0.294271 0.37793 0.292969 0.375 0.289062 0.375 0.28776
0 0.270508 0.44401 0.270508 0.455729 0.271484 0.455729 0.272461 0.457031 0.274414 0.457031 0.275391 0.458333 0.277344 0.458333 0.27832 0.459635 0.28125 0.459635 0.282227 0.460938 0.28418 0.460938 0.285156 0.46224 0.286133 0.46224 0.287109 0.463542 0.289062 0.463542 0.290039 0.464844 0.291992 0.464844 0.292969 0.466146 0.294922 0.466146 0.295898 0.467448 0.296875 0.467448 0.297852 0.46875 0.298828 0.46875 0.299805 0.470052 0.316406 0.470052 0.317383 0.46875 0.318359 0.46875 0.319336 0.467448 0.320312 0.467448 0.321289 0.466146 0.321289 0.463542 0.320312 0.46224 0.320312 0.460938 0.319336 0.459635 0.318359 0.459635 0.316406 0.457031 0.314453 0.457031 0.3125 0.454427 0.311523 0.454427 0.310547 0.453125 0.308594 0.453125 0.307617 0.451823 0.306641 0.451823 0.305664 0.450521 0.303711 0.450521 0.302734 0.449219 0.298828 0.449219 0.297852 0.447917 0.295898 0.447917 0.294922 0.446615 0.292969 0.446615 0.291992 0.445312 0.288086 0.445312 0.287109 0.44401 0.28125 0.44401 0.280273 0.445312 0.27832 0.445312 0.277344 0.44401
0 0.34082 0.359375 0.34082 0.360677 0.341797 0.361979 0.341797 0.363281 0.342773 0.364583 0.34082 0.367188 0.339844 0.367188 0.338867 0.36849 0.337891 0.367188 0.337891 0.380208 0.34082 0.376302 0.345703 0.376302 0.34668 0.377604 0.348633 0.377604 0.350586 0.380208 0.351562 0.380208 0.352539 0.38151 0.353516 0.38151 0.354492 0.382812 0.356445 0.382812 0.357422 0.384115 0.359375 0.384115 0.360352 0.385417 0.362305 0.385417 0.363281 0.386719 0.366211 0.386719 0.367188 0.388021 0.379883 0.388021 0.380859 0.386719 0.382812 0.386719 0.384766 0.384115 0.384766 0.380208 0.381836 0.376302 0.380859 0.376302 0.376953 0.371094 0.375977 0.371094 0.375 0.369792 0.374023 0.369792 0.37207 0.367188 0.371094 0.367188 0.370117 0.365885 0.369141 0.365885 0.368164 0.364583 0.366211 0.364583 0.365234 0.363281 0.362305 0.363281 0.361328 0.361979 0.354492 0.361979 0.353516 0.363281 0.34375 0.363281 0.342773 0.361979 0.342773 0.360677 0.341797 0.359375
0 0.358398 0.28776 0.357422 0.289062 0.356445 0.289062 0.355469 0.290365 0.354492 0.290365 0.353516 0.291667 0.352539 0.291667 0.351562 0.292969 0.347656 0.292969 0.34668 0.294271 0.34375 0.294271 0.342773 0.295573 0.341797 0.295573 0.34082 0.296875 0.339844 0.296875 0.338867 0.298177 0.333984 0.298177 0.333008 0.296875 0.332031 0.296875 0.332031 0.311198 0.333008 0.311198 0.333984 0.309896 0.335938 0.309896 0.336914 0.308594 0.337891 0.308594 0.338867 0.307292 0.339844 0.308594 0.342773 0.308594 0.34375 0.309896 0.354492 0.309896 0.355469 0.308594 0.358398 0.308594 0.359375 0.307292 0.362305 0.307292 0.363281 0.30599 0.364258 0.30599 0.365234 0.304688 0.366211 0.304688 0.367188 0.303385 0.368164 0.303385 0.369141 0.302083 0.370117 0.302083 0.371094 0.300781 0.37207 0.300781 0.374023 0.298177 0.375 0.298177 0.376953 0.295573 0.376953 0.294271 0.37793 0.292969 0.375 0.289062 0.375 0.28776
0 0.270508 0.44401 0.270508 0.455729 0.271484 0.455729 0.272461 0.457031 0.274414 0.457031 0.275391 0.458333 0.277344 0.458333 0.27832 0.459635 0.28125 0.459635 0.282227 0.460938 0.28418 0.460938 0.285156 0.46224 0.286133 0.46224 0.287109 0.463542 0.289062 0.463542 0.290039 0.464844 0.291992 0.464844 0.292969 0.466146 0.294922 0.466146 0.295898 0.467448 0.296875 0.467448 0.297852 0.46875 0.298828 0.46875 0.299805 0.470052 0.316406 0.470052 0.317383 0.46875 0.318359 0.46875 0.319336 0.467448 0.320312 0.467448 0.321289 0.466146 0.321289 0.463542 0.320312 0.46224 0.320312 0.460938 0.319336 0.459635 0.318359 0.459635 0.316406 0.457031 0.314453 0.457031 0.3125 0.454427 0.311523 0.454427 0.310547 0.453125 0.308594 0.453125 0.307617 0.451823 0.306641 0.451823 0.305664 0.450521 0.303711 0.450521 0.302734 0.449219 0.298828 0.449219 0.297852 0.447917 0.295898 0.447917 0.294922 0.446615 0.292969 0.446615 0.291992 0.445312 0.288086 0.445312 0.287109 0.44401 0.28125 0.44401 0.280273 0.445312 0.27832 0.445312 0.277344 0.44401
0 0.34082 0.359375 0.34082 0.360677 0.341797 0.361979 0.341797 0.363281 0.342773 0.364583 0.34082 0.367188 0.339844 0.367188 0.338867 0.36849 0.337891 0.367188 0.337891 0.380208 0.34082 0.376302 0.345703 0.376302 0.34668 0.377604 0.348633 0.377604 0.350586 0.380208 0.351562 0.380208 0.352539 0.38151 0.353516 0.38151 0.354492 0.382812 0.356445 0.382812 0.357422 0.384115 0.359375 0.384115 0.360352 0.385417 0.362305 0.385417 0.363281 0.386719 0.366211 0.386719 0.367188 0.388021 0.379883 0.388021 0.380859 0.386719 0.382812 0.386719 0.384766 0.384115 0.384766 0.380208 0.381836 0.376302 0.380859 0.376302 0.376953 0.371094 0.375977 0.371094 0.375 0.369792 0.374023 0.369792 0.37207 0.367188 0.371094 0.367188 0.370117 0.365885 0.369141 0.365885 0.368164 0.364583 0.366211 0.364583 0.365234 0.363281 0.362305 0.363281 0.361328 0.361979 0.354492 0.361979 0.353516 0.363281 0.34375 0.363281 0.342773 0.361979 0.342773 0.360677 0.341797 0.359375
0 0.358398 0.28776 0.357422 0.289062 0.356445 0.289062 0.355469 0.290365 0.354492 0.290365 0.353516 0.291667 0.352539 0.291667 0.351562 0.292969 0.347656 0.292969 0.34668 0.294271 0.34375 0.294271 0.342773 0.295573 0.341797 0.295573 0.34082 0.296875 0.339844 0.296875 0.338867 0.298177 0.333984 0.298177 0.333008 0.296875 0.332031 0.296875 0.332031 0.311198 0.333008 0.311198 0.333984 0.309896 0.335938 0.309896 0.336914 0.308594 0.337891 0.308594 0.338867 0.307292 0.339844 0.308594 0.342773 0.308594 0.34375 0.309896 0.354492 0.309896 0.355469 0.308594 0.358398 0.308594 0.359375 0.307292 0.362305 0.307292 0.363281 0.30599 0.364258 0.30599 0.365234 0.304688 0.366211 0.304688 0.367188 0.303385 0.368164 0.303385 0.369141 0.302083 0.370117 0.302083 0.371094 0.300781 0.37207 0.300781 0.374023 0.298177 0.375 0.298177 0.376953 0.295573 0.376953 0.294271 0.37793 0.292969 0.375 0.289062 0.375 0.28776
0 0.270508 0.44401 0.270508 0.455729 0.271484 0.455729 0.272461 0.457031 0.274414 0.457031 0.275391 0.458333 0.277344 0.458333 0.27832 0.459635 0.28125 0.459635 0.282227 0.460938 0.28418 0.460938 0.285156 0.46224 0.286133 0.46224 0.287109 0.463542 0.289062 0.463542 0.290039 0.464844 0.291992 0.464844 0.292969 0.466146 0.294922 0.466146 0.295898 0.467448 0.296875 0.467448 0.297852 0.46875 0.298828 0.46875 0.299805 0.470052 0.316406 0.470052 0.317383 0.46875 0.318359 0.46875 0.319336 0.467448 0.320312 0.467448 0.321289 0.466146 0.321289 0.463542 0.320312 0.46224 0.320312 0.460938 0.319336 0.459635 0.318359 0.459635 0.316406 0.457031 0.314453 0.457031 0.3125 0.454427 0.311523 0.454427 0.310547 0.453125 0.308594 0.453125 0.307617 0.451823 0.306641 0.451823 0.305664 0.450521 0.303711 0.450521 0.302734 0.449219 0.298828 0.449219 0.297852 0.447917 0.295898 0.447917 0.294922 0.446615 0.292969 0.446615 0.291992 0.445312 0.288086 0.445312 0.287109 0.44401 0.28125 0.44401 0.280273 0.445312 0.27832 0.445312 0.277344 0.44401
0 0.34082 0.359375 0.34082 0.360677 0.341797 0.361979 0.341797 0.363281 0.342773 0.364583 0.34082 0.367188 0.339844 0.367188 0.338867 0.36849 0.337891 0.367188 0.337891 0.380208 0.34082 0.376302 0.345703 0.376302 0.34668 0.377604 0.348633 0.377604 0.350586 0.380208 0.351562 0.380208 0.352539 0.38151 0.353516 0.38151 0.354492 0.382812 0.356445 0.382812 0.357422 0.384115 0.359375 0.384115 0.360352 0.385417 0.362305 0.385417 0.363281 0.386719 0.366211 0.386719 0.367188 0.388021 0.379883 0.388021 0.380859 0.386719 0.382812 0.386719 0.384766 0.384115 0.384766 0.380208 0.381836 0.376302 0.380859 0.376302 0.376953 0.371094 0.375977 0.371094 0.375 0.369792 0.374023 0.369792 0.37207 0.367188 0.371094 0.367188 0.370117 0.365885 0.369141 0.365885 0.368164 0.364583 0.366211 0.364583 0.365234 0.363281 0.362305 0.363281 0.361328 0.361979 0.354492 0.361979 0.353516 0.363281 0.34375 0.363281 0.342773 0.361979 0.342773 0.360677 0.341797 0.359375
0 0.358398 0.28776 0.357422 0.289062 0.356445 0.289062 0.355469 0.290365 0.354492 0.290365 0.353516 0.291667 0.352539 0.291667 0.351562 0.292969 0.347656 0.292969 0.34668 0.294271 0.34375 0.294271 0.342773 0.295573 0.341797 0.295573 0.34082 0.296875 0.339844 0.296875 0.338867 0.298177 0.333984 0.298177 0.333008 0.296875 0.332031 0.296875 0.332031 0.311198 0.333008 0.311198 0.333984 0.309896 0.335938 0.309896 0.336914 0.308594 0.337891 0.308594 0.338867 0.307292 0.339844 0.308594 0.342773 0.308594 0.34375 0.309896 0.354492 0.309896 0.355469 0.308594 0.358398 0.308594 0.359375 0.307292 0.362305 0.307292 0.363281 0.30599 0.364258 0.30599 0.365234 0.304688 0.366211 0.304688 0.367188 0.303385 0.368164 0.303385 0.369141 0.302083 0.370117 0.302083 0.371094 0.300781 0.37207 0.300781 0.374023 0.298177 0.375 0.298177 0.376953 0.295573 0.376953 0.294271 0.37793 0.292969 0.375 0.289062 0.375 0.28776
