0 0.625977 0.578125 0.625 0.578125 0.625977 0.578125 0.625977 0.571615 0.625977 0.570312 0.628906 0.566406 0.628906 0.565104 0.630859 0.5625 0.630859 0.561198 0.632812 0.558594 0.643555 0.558594 0.644531 0.559896 0.65332 0.559896 0.654297 0.561198 0.65625 0.561198 0.657227 0.5625 0.658203 0.5625 0.65918 0.563802 0.660156 0.563802 0.661133 0.565104 0.662109 0.565104 0.663086 0.566406 0.664062 0.566406 0.666016 0.56901 0.666992 0.56901 0.667969 0.570312 0.668945 0.570312 0.669922 0.571615 0.671875 0.571615 0.672852 0.572917 0.674805 0.572917 0.675781 0.574219 0.681641 0.574219 0.682617 0.575521 0.6875 0.575521 0.688477 0.576823 0.691406 0.576823 0.692383 0.578125 0.730469 0.578125 0.731445 0.576823 0.733398 0.576823 0.734375 0.575521 0.738281 0.575521 0.739258 0.574219 0.743164 0.574219 0.745117 0.571615 0.746094 0.571615 0.74707 0.570312 0.749023 0.570312 0.75 0.56901 0.750977 0.56901 0.75293 0.566406 0.75293 0.561198 0.750977 0.558594 0.75 0.558594 0.748047 0.55599 0.74707 0.55599 0.746094 0.554688 0.745117 0.554688 0.744141 0.553385 0.743164 0.553385 0.742188 0.552083 0.741211 0.552083 0.740234 0.550781 0.739258 0.550781 0.738281 0.549479 0.737305 0.549479 0.736328 0.548177 0.735352 0.548177 0.734375 0.546875 0.732422 0.546875 0.731445 0.545573 0.730469 0.545573 0.729492 0.544271 0.727539 0.544271 0.726562 0.542969 0.724609 0.542969 0.723633 0.541667 0.720703 0.541667 0.719727 0.540365 0.71582 0.540365 0.714844 0.539062 0.711914 0.539062 0.710938 0.53776 0.708008 0.53776 0.707031 0.536458 0.677734 0.536458 0.676758 0.53776 0.673828 0.53776 0.672852 0.539062 0.670898 0.539062 0.669922 0.540365 0.657227 0.540365 0.65625 0.541667 0.649414 0.541667 0.648438 0.540365 0.646484 0.540365 0.645508 0.539062 0.643555 0.539062 0.642578 0.53776 0.640625 0.53776 0.638672 0.535156 0.637695 0.535156 0.636719 0.533854 0.635742 0.533854 0.633789 0.53125 0.632812 0.53125 0.630859 0.528646 0.625 0.528646 0.625 0.532552 0.625977 0.533854 0.625977 0.535156 0.626953 0.536458 0.626953 0.53776 0.62793 0.539062 0.62793 0.541667 0.628906 0.542969 0.628906 0.546875 0.629883 0.548177 0.629883 0.552083 0.626953 0.55599 0.626953 0.558594 0.625977 0.559896 0.625977 0.561198 0.625 0.5625 0.625 0.570312 0.625977 0.571615
0 0.628906 0.545573 0.628906 0.528646 0.62793 0.528646 0.626953 0.527344 0.625977 0.527344 0.625977 0.532552 0.626953 0.533854 0.626953 0.535156 0.62793 0.536458 0.62793 0.539062 0.628906 0.540365 0.628906 0.545573 0.62793 0.549479 0.626953 0.549479 0.625 0.546875 0.624023 0.546875 0.623047 0.545573 0.621094 0.545573 0.620117 0.544271 0.619141 0.544271 0.618164 0.542969 0.617188 0.542969 0.616211 0.541667 0.614258 0.541667 0.613281 0.540365 0.612305 0.541667 0.594727 0.541667 0.59375 0.540365 0.591797 0.540365 0.59082 0.539062 0.585938 0.539062 0.584961 0.53776 0.583008 0.53776 0.582031 0.536458 0.577148 0.536458 0.576172 0.53776 0.575195 0.53776 0.574219 0.539062 0.573242 0.539062 0.571289 0.541667 0.570312 0.541667 0.569336 0.542969 0.567383 0.542969 0.566406 0.544271 0.561523 0.544271 0.560547 0.542969 0.557617 0.542969 0.556641 0.541667 0.553711 0.541667 0.551758 0.539062 0.550781 0.539062 0.549805 0.53776 0.548828 0.53776 0.547852 0.536458 0.546875 0.536458 0.544922 0.533854 0.543945 0.533854 0.541992 0.53125 0.541016 0.53125 0.540039 0.529948 0.539062 0.529948 0.538086 0.528646 0.537109 0.528646 0.536133 0.527344 0.532227 0.527344 0.532227 0.532552 0.533203 0.533854 0.533203 0.53776 0.53418 0.539062 0.53418 0.545573 0.535156 0.546875 0.535156 0.548177 0.53418 0.549479 0.53418 0.552083 0.533203 0.553385 0.533203 0.554688 0.532227 0.55599 0.532227 0.557292 0.53125 0.558594 0.53125 0.567708 0.532227 0.56901 0.533203 0.56901 0.53418 0.567708 0.539062 0.567708 0.540039 0.566406 0.542969 0.566406 0.543945 0.565104 0.545898 0.565104 0.546875 0.563802 0.547852 0.563802 0.548828 0.5625 0.55957 0.5625 0.560547 0.563802 0.5625 0.563802 0.563477 0.565104 0.564453 0.565104 0.566406 0.567708 0.566406 0.56901 0.569336 0.572917 0.569336 0.574219 0.574219 0.574219 0.575195 0.575521 0.576172 0.575521 0.577148 0.574219 0.579102 0.574219 0.580078 0.575521 0.584961 0.575521 0.585938 0.576823 0.587891 0.576823 0.588867 0.578125 0.592773 0.578125 0.59375 0.579427 0.59668 0.579427 0.597656 0.580729 0.618164 0.580729 0.619141 0.579427 0.621094 0.579427 0.621094 0.578125 0.62207 0.576823 0.62207 0.575521 0.623047 0.574219 0.624023 0.574219 0.625977 0.571615 0.628906 0.575521 0.628906 0.578125 0.62793 0.579427 0.62793 0.580729 0.628906 0.580729 0.628906 0.553385 0.62793 0.552083 0.62793 0.549479
0 0.625977 0.578125 0.625 0.578125 0.625977 0.578125 0.625977 0.571615 0.625977 0.570312 0.628906 0.566406 0.628906 0.565104 0.630859 0.5625 0.630859 0.561198 0.632812 0.558594 0.643555 0.558594 0.644531 0.559896 0.65332 0.559896 0.654297 0.561198 0.65625 0.561198 0.657227 0.5625 0.658203 0.5625 0.65918 0.563802 0.660156 0.563802 0.661133 0.565104 0.662109 0.565104 0.663086 0.566406 0.664062 0.566406 0.666016 0.56901 0.666992 0.56901 0.667969 0.570312 0.668945 0.570312 0.669922 0.571615 0.671875 0.571615 0.672852 0.572917 0.674805 0.572917 0.675781 0.574219 0.681641 0.574219 0.682617 0.575521 0.6875 0.575521 0.688477 0.576823 0.691406 0.576823 0.692383 0.578125 0.730469 0.578125 0.731445 0.576823 0.733398 0.576823 0.734375 0.575521 0.738281 0.575521 0.739258 0.574219 0.743164 0.574219 0.745117 0.571615 0.746094 0.571615 0.74707 0.570312 0.749023 0.570312 0.75 0.56901 0.750977 0.56901 0.75293 0.566406 0.75293 0.561198 0.750977 0.558594 0.75 0.558594 0.748047 0.55599 0.74707 0.55599 0.746094 0.554688 0.745117 0.554688 0.744141 0.553385 0.743164 0.553385 0.742188 0.552083 0.741211 0.552083 0.740234 0.550781 0.739258 0.550781 0.738281 0.549479 0.737305 0.549479 0.736328 0.548177 0.735352 0.548177 0.734375 0.546875 0.732422 0.546875 0.731445 0.545573 0.730469 0.545573 0.729492 0.544271 0.727539 0.544271 0.726562 0.542969 0.724609 0.542969 0.723633 0.541667 0.720703 0.541667 0.719727 0.540365 0.71582 0.540365 0.714844 0.539062 0.711914 0.539062 0.710938 0.53776 0.708008 0.53776 0.707031 0.536458 0.677734 0.536458 0.676758 0.53776 0.673828 0.53776 0.672852 0.539062 0.670898 0.539062 0.669922 0.540365 0.657227 0.540365 0.65625 0.541667 0.649414 0.541667 0.648438 0.540365 0.646484 0.540365 0.645508 0.539062 0.643555 0.539062 0.642578 0.53776 0.640625 0.53776 0.638672 0.535156 0.637695 0.535156 0.636719 0.533854 0.635742 0.533854 0.633789 0.53125 0.632812 0.53125 0.630859 0.528646 0.625 0.528646 0.625 0.532552 0.625977 0.533854 0.625977 0.535156 0.626953 0.536458 0.626953 0.53776 0.62793 0.539062 0.62793 0.541667 0.628906 0.542969 0.628906 0.546875 0.629883 0.548177 0.629883 0.552083 0.626953 0.55599 0.626953 0.558594 0.625977 0.559896 0.625977 0.561198 0.625 0.5625 0.625 0.570312 0.625977 0.571615
0 0.628906 0.545573 0.628906 0.528646 0.62793 0.528646 0.626953 0.527344 0.625977 0.527344 0.625977 0.532552 0.626953 0.533854 0.626953 0.535156 0.62793 0.536458 0.62793 0.539062 0.628906 0.540365 0.628906 0.545573 0.62793 0.549479 0.626953 0.549479 0.625 0.546875 0.624023 0.546875 0.623047 0.545573 0.621094 0.545573 0.620117 0.544271 0.619141 0.544271 0.618164 0.542969 0.617188 0.542969 0.616211 0.541667 0.614258 0.541667 0.613281 0.540365 0.612305 0.541667 0.594727 0.541667 0.59375 0.540365 0.591797 0.540365 0.59082 0.539062 0.585938 0.539062 0.584961 0.53776 0.583008 0.53776 0.582031 0.536458 0.577148 0.536458 0.576172 0.53776 0.575195 0.53776 0.574219 0.539062 0.573242 0.539062 0.571289 0.541667 0.570312 0.541667 0.569336 0.542969 0.567383 0.542969 0.566406 0.544271 0.561523 0.544271 0.560547 0.542969 0.557617 0.542969 0.556641 0.541667 0.553711 0.541667 0.551758 0.539062 0.550781 0.539062 0.549805 0.53776 0.548828 0.53776 0.547852 0.536458 0.546875 0.536458 0.544922 0.533854 0.543945 0.533854 0.541992 0.53125 0.541016 0.53125 0.540039 0.529948 0.539062 0.529948 0.538086 0.528646 0.537109 0.528646 0.536133 0.527344 0.532227 0.527344 0.532227 0.532552 0.533203 0.533854 0.533203 0.53776 0.53418 0.539062 0.53418 0.545573 0.535156 0.546875 0.535156 0.548177 0.53418 0.549479 0.53418 0.552083 0.533203 0.553385 0.533203 0.554688 0.532227 0.55599 0.532227 0.557292 0.53125 0.558594 0.53125 0.567708 0.532227 0.56901 0.533203 0.56901 0.53418 0.567708 0.539062 0.567708 0.540039 0.566406 0.542969 0.566406 0.543945 0.565104 0.545898 0.565104 0.546875 0.563802 0.547852 0.563802 0.548828 0.5625 0.55957 0.5625 0.560547 0.563802 0.5625 0.563802 0.563477 0.565104 0.564453 0.565104 0.566406 0.567708 0.566406 0.56901 0.569336 0.572917 0.569336 0.574219 0.574219 0.574219 0.575195 0.575521 0.576172 0.575521 0.577148 0.574219 0.579102 0.574219 0.580078 0.575521 0.584961 0.575521 0.585938 0.576823 0.587891 0.576823 0.588867 0.578125 0.592773 0.578125 0.59375 0.579427 0.59668 0.579427 0.597656 0.580729 0.618164 0.580729 0.619141 0.579427 0.621094 0.579427 0.621094 0.578125 0.62207 0.576823 0.62207 0.575521 0.623047 0.574219 0.624023 0.574219 0.625977 0.571615 0.628906 0.575521 0.628906 0.578125 0.62793 0.579427 0.62793 0.580729 0.628906 0.580729 0.628906 0.553385 0.62793 0.552083 0.62793 0.549479
0 0.625977 0.578125 0.625 0.578125 0.625977 0.578125 0.625977 0.571615 0.625977 0.570312 0.628906 0.566406 0.628906 0.565104 0.630859 0.5625 0.630859 0.561198 0.632812 0.558594 0.643555 0.558594 0.644531 0.559896 0.65332 0.559896 0.654297 0.561198 0.65625 0.561198 0.657227 0.5625 0.658203 0.5625 0.65918 0.563802 0.660156 0.563802 0.661133 0.565104 0.662109 0.565104 0.663086 0.566406 0.664062 0.566406 0.666016 0.56901 0.666992 0.56901 0.667969 0.570312 0.668945 0.570312 0.669922 0.571615 0.671875 0.571615 0.672852 0.572917 0.674805 0.572917 0.675781 0.574219 0.681641 0.574219 0.682617 0.575521 0.6875 0.575521 0.688477 0.576823 0.691406 0.576823 0.692383 0.578125 0.730469 0.578125 0.731445 0.576823 0.733398 0.576823 0.734375 0.575521 0.738281 0.575521 0.739258 0.574219 0.743164 0.574219 0.745117 0.571615 0.746094 0.571615 0.74707 0.570312 0.749023 0.570312 0.75 0.56901 0.750977 0.56901 0.75293 0.566406 0.75293 0.561198 0.750977 0.558594 0.75 0.558594 0.748047 0.55599 0.74707 0.55599 0.746094 0.554688 0.745117 0.554688 0.744141 0.553385 0.743164 0.553385 0.742188 0.552083 0.741211 0.552083 0.740234 0.550781 0.739258 0.550781 0.738281 0.549479 0.737305 0.549479 0.736328 0.548177 0.735352 0.548177 0.734375 0.546875 0.732422 0.546875 0.731445 0.545573 0.730469 0.545573 0.729492 0.544271 0.727539 0.544271 0.726562 0.542969 0.724609 0.542969 0.723633 0.541667 0.720703 0.541667 0.719727 0.540365 0.71582 0.540365 0.714844 0.539062 0.711914 0.539062 0.710938 0.53776 0.708008 0.53776 0.707031 0.536458 0.677734 0.536458 0.676758 0.53776 0.673828 0.53776 0.672852 0.539062 0.670898 0.539062 0.669922 0.540365 0.657227 0.540365 0.65625 0.541667 0.649414 0.541667 0.648438 0.540365 0.646484 0.540365 0.645508 0.539062 0.643555 0.539062 0.642578 0.53776 0.640625 0.53776 0.638672 0.535156 0.637695 0.535156 0.636719 0.533854 0.635742 0.533854 0.633789 0.53125 0.632812 0.53125 0.630859 0.528646 0.625 0.528646 0.625 0.532552 0.625977 0.533854 0.625977 0.535156 0.626953 0.536458 0.626953 0.53776 0.62793 0.539062 0.62793 0.541667 0.628906 0.542969 0.628906 0.546875 0.629883 0.548177 0.629883 0.552083 0.626953 0.55599 0.626953 0.558594 0.625977 0.559896 0.625977 0.561198 0.625 0.5625 0.625 0.570312 0.625977 0.571615
0 0.628906 0.545573 0.628906 0.528646 0.62793 0.528646 0.626953 0.527344 0.625977 0.527344 0.625977 0.532552 0.626953 0.533854 0.626953 0.535156 0.62793 0.536458 0.62793 0.539062 0.628906 0.540365 0.628906 0.545573 0.62793 0.549479 0.626953 0.549479 0.625 0.546875 0.624023 0.546875 0.623047 0.545573 0.621094 0.545573 0.620117 0.544271 0.619141 0.544271 0.618164 0.542969 0.617188 0.542969 0.616211 0.541667 0.614258 0.541667 0.613281 0.540365 0.612305 0.541667 0.594727 0.541667 0.59375 0.540365 0.591797 0.540365 0.59082 0.539062 0.585938 0.539062 0.584961 0.53776 0.583008 0.53776 0.582031 0.536458 0.577148 0.536458 0.576172 0.53776 0.575195 0.53776 0.574219 0.539062 0.573242 0.539062 0.571289 0.541667 0.570312 0.541667 0.569336 0.542969 0.567383 0.542969 0.566406 0.544271 0.561523 0.544271 0.560547 0.542969 0.557617 0.542969 0.556641 0.541667 0.553711 0.541667 0.551758 0.539062 0.550781 0.539062 0.549805 0.53776 0.548828 0.53776 0.547852 0.536458 0.546875 0.536458 0.544922 0.533854 0.543945 0.533854 0.541992 0.53125 0.541016 0.53125 0.540039 0.529948 0.539062 0.529948 0.538086 0.528646 0.537109 0.528646 0.536133 0.527344 0.532227 0.527344 0.532227 0.532552 0.533203 0.533854 0.533203 0.53776 0.53418 0.539062 0.53418 0.545573 0.535156 0.546875 0.535156 0.548177 0.53418 0.549479 0.53418 0.552083 0.533203 0.553385 0.533203 0.554688 0.532227 0.55599 0.532227 0.557292 0.53125 0.558594 0.53125 0.567708 0.532227 0.56901 0.533203 0.56901 0.53418 0.567708 0.539062 0.567708 0.540039 0.566406 0.542969 0.566406 0.543945 0.565104 0.545898 0.565104 0.546875 0.563802 0.547852 0.563802 0.548828 0.5625 0.55957 0.5625 0.560547 0.563802 0.5625 0.563802 0.563477 0.565104 0.564453 0.565104 0.566406 0.567708 0.566406 0.56901 0.569336 0.572917 0.569336 0.574219 0.574219 0.574219 0.575195 0.575521 0.576172 0.575521 0.577148 0.574219 0.579102 0.574219 0.580078 0.575521 0.584961 0.575521 0.585938 0.576823 0.587891 0.576823 0.588867 0.578125 0.592773 0.578125 0.59375 0.579427 0.59668 0.579427 0.597656 0.580729 0.618164 0.580729 0.619141 0.579427 0.621094 0.579427 0.621094 0.578125 0.62207 0.576823 0.62207 0.575521 0.623047 0.574219 0.624023 0.574219 0.625977 0.571615 0.628906 0.575521 0.628906 0.578125 0.62793 0.579427 0.62793 0.580729 0.628906 0.580729 0.628906 0.553385 0.62793 0.552083 0.62793 0.549479
0 0.625977 0.578125 0.625 0.578125 0.625977 0.578125 0.625977 0.571615 0.625977 0.570312 0.628906 0.566406 0.628906 0.565104 0.630859 0.5625 0.630859 0.561198 0.632812 0.558594 0.643555 0.558594 0.644531 0.559896 0.65332 0.559896 0.654297 0.561198 0.65625 0.561198 0.657227 0.5625 0.658203 0.5625 0.65918 0.563802 0.660156 0.563802 0.661133 0.565104 0.662109 0.565104 0.663086 0.566406 0.664062 0.566406 0.666016 0.56901 0.666992 0.56901 0.667969 0.570312 0.668945 0.570312 0.669922 0.571615 0.671875 0.571615 0.672852 0.572917 0.674805 0.572917 0.675781 0.574219 0.681641 0.574219 0.682617 0.575521 0.6875 0.575521 0.688477 0.576823 0.691406 0.576823 0.692383 0.578125 0.730469 0.578125 0.731445 0.576823 0.733398 0.576823 0.734375 0.575521 0.738281 0.575521 0.739258 0.574219 0.743164 0.574219 0.745117 0.571615 0.746094 0.571615 0.74707 0.570312 0.749023 0.570312 0.75 0.56901 0.750977 0.56901 0.75293 0.566406 0.75293 0.561198 0.750977 0.558594 0.75 0.558594 0.748047 0.55599 0.74707 0.55599 0.746094 0.554688 0.745117 0.554688 0.744141 0.553385 0.743164 0.553385 0.742188 0.552083 0.741211 0.552083 0.740234 0.550781 0.739258 0.550781 0.738281 0.549479 0.737305 0.549479 0.736328 0.548177 0.735352 0.548177 0.734375 0.546875 0.732422 0.546875 0.731445 0.545573 0.730469 0.545573 0.729492 0.544271 0.727539 0.544271 0.726562 0.542969 0.724609 0.542969 0.723633 0.541667 0.720703 0.541667 0.719727 0.540365 0.71582 0.540365 0.714844 0.539062 0.711914 0.539062 0.710938 0.53776 0.708008 0.53776 0.707031 0.536458 0.677734 0.536458 0.676758 0.53776 0.673828 0.53776 0.672852 0.539062 0.670898 0.539062 0.669922 0.540365 0.657227 0.540365 0.65625 0.541667 0.649414 0.541667 0.648438 0.540365 0.646484 0.540365 0.645508 0.539062 0.643555 0.539062 0.642578 0.53776 0.640625 0.53776 0.638672 0.535156 0.637695 0.535156 0.636719 0.533854 0.635742 0.533854 0.633789 0.53125 0.632812 0.53125 0.630859 0.528646 0.625 0.528646 0.625 0.532552 0.625977 0.533854 0.625977 0.535156 0.626953 0.536458 0.626953 0.53776 0.62793 0.539062 0.62793 0.541667 0.628906 0.542969 0.628906 0.546875 0.629883 0.548177 0.629883 0.552083 0.626953 0.55599 0.626953 0.558594 0.625977 0.559896 0.625977 0.561198 0.625 0.5625 0.625 0.570312 0.625977 0.571615
0 0.628906 0.545573 0.628906 0.528646 0.62793 0.528646 0.626953 0.527344 0.625977 0.527344 0.625977 0.532552 0.626953 0.533854 0.626953 0.535156 0.62793 0.536458 0.62793 0.539062 0.628906 0.540365 0.628906 0.545573 0.62793 0.549479 0.626953 0.549479 0.625 0.546875 0.624023 0.546875 0.623047 0.545573 0.621094 0.545573 0.620117 0.544271 0.619141 0.544271 0.618164 0.542969 0.617188 0.542969 0.616211 0.541667 0.614258 0.541667 0.613281 0.540365 0.612305 0.541667 0.594727 0.541667 0.59375 0.540365 0.591797 0.540365 0.59082 0.539062 0.585938 0.539062 0.584961 0.53776 0.583008 0.53776 0.582031 0.536458 0.577148 0.536458 0.576172 0.53776 0.575195 0.53776 0.574219 0.539062 0.573242 0.539062 0.571289 0.541667 0.570312 0.541667 0.569336 0.542969 0.567383 0.542969 0.566406 0.544271 0.561523 0.544271 0.560547 0.542969 0.557617 0.542969 0.556641 0.541667 0.553711 0.541667 0.551758 0.539062 0.550781 0.539062 0.549805 0.53776 0.548828 0.53776 0.547852 0.536458 0.546875 0.536458 0.544922 0.533854 0.543945 0.533854 0.541992 0.53125 0.541016 0.53125 0.540039 0.529948 0.539062 0.529948 0.538086 0.528646 0.537109 0.528646 0.536133 0.527344 0.532227 0.527344 0.532227 0.532552 0.533203 0.533854 0.533203 0.53776 0.53418 0.539062 0.53418 0.545573 0.535156 0.546875 0.535156 0.548177 0.53418 0.549479 0.53418 0.552083 0.533203 0.553385 0.533203 0.554688 0.532227 0.55599 0.532227 0.557292 0.53125 0.558594 0.53125 0.567708 0.532227 0.56901 0.533203 0.56901 0.53418 0.567708 0.539062 0.567708 0.540039 0.566406 0.542969 0.566406 0.543945 0.565104 0.545898 0.565104 0.546875 0.563802 0.547852 0.563802 0.548828 0.5625 0.55957 0.5625 0.560547 0.563802 0.5625 0.563802 0.563477 0.565104 0.564453 0.565104 0.566406 0.567708 0.566406 0.56901 0.569336 0.572917 0.569336 0.574219 0.574219 0.574219 0.575195 0.575521 0.576172 0.575521 0.577148 0.574219 0.579102 0.574219 0.580078 0.575521 0.584961 0.575521 0.585938 0.576823 0.587891 0.576823 0.588867 0.578125 0.592773 0.578125 0.59375 0.579427 0.59668 0.579427 0.597656 0.580729 0.618164 0.580729 0.619141 0.579427 0.621094 0.579427 0.621094 0.578125 0.62207 0.576823 0.62207 0.575521 0.623047 0.574219 0.624023 0.574219 0.625977 0.571615 0.628906 0.575521 0.628906 0.578125 0.62793 0.579427 0.62793 0.580729 0.628906 0.580729 0.628906 0.553385 0.62793 0.552083 0.62793 0.549479
0 0.625977 0.578125 0.625 0.578125 0.625977 0.578125 0.625977 0.571615 0.625977 0.570312 0.628906 0.566406 0.628906 0.565104 0.630859 0.5625 0.630859 0.561198 0.632812 0.558594 0.643555 0.558594 0.644531 0.559896 0.65332 0.559896 0.654297 0.561198 0.65625 0.561198 0.657227 0.5625 0.658203 0.5625 0.65918 0.563802 0.660156 0.563802 0.661133 0.565104 0.662109 0.565104 0.663086 0.566406 0.664062 0.566406 0.666016 0.56901 0.666992 0.56901 0.667969 0.570312 0.668945 0.570312 0.669922 0.571615 0.671875 0.571615 0.672852 0.572917 0.674805 0.572917 0.675781 0.574219 0.681641 0.574219 0.682617 0.575521 0.6875 0.575521 0.688477 0.576823 0.691406 0.576823 0.692383 0.578125 0.730469 0.578125 0.731445 0.576823 0.733398 0.576823 0.734375 0.575521 0.738281 0.575521 0.739258 0.574219 0.743164 0.574219 0.745117 0.571615 0.746094 0.571615 0.74707 0.570312 0.749023 0.570312 0.75 0.56901 0.750977 0.56901 0.75293 0.566406 0.75293 0.561198 0.750977 0.558594 0.75 0.558594 0.748047 0.55599 0.74707 0.55599 0.746094 0.554688 0.745117 0.554688 0.744141 0.553385 0.743164 0.553385 0.742188 0.552083 0.741211 0.552083 0.740234 0.550781 0.739258 0.550781 0.738281 0.549479 0.737305 0.549479 0.736328 0.548177 0.735352 0.548177 0.734375 0.546875 0.732422 0.546875 0.731445 0.545573 0.730469 0.545573 0.729492 0.544271 0.727539 0.544271 0.726562 0.542969 0.724609 0.542969 0.723633 0.541667 0.720703 0.541667 0.719727 0.540365 0.71582 0.540365 0.714844 0.539062 0.711914 0.539062 0.710938 0.53776 0.708008 0.53776 0.707031 0.536458 0.677734 0.536458 0.676758 0.53776 0.673828 0.53776 0.672852 0.539062 0.670898 0.539062 0.669922 0.540365 0.657227 0.540365 0.65625 0.541667 0.649414 0.541667 0.648438 0.540365 0.646484 0.540365 0.645508 0.539062 0.643555 0.539062 0.642578 0.53776 0.640625 0.53776 0.638672 0.535156 0.637695 0.535156 0.636719 0.533854 0.635742 0.533854 0.633789 0.53125 0.632812 0.53125 0.630859 0.528646 0.625 0.528646 0.625 0.532552 0.625977 0.533854 0.625977 0.535156 0.626953 0.536458 0.626953 0.53776 0.62793 0.539062 0.62793 0.541667 0.628906 0.542969 0.628906 0.546875 0.629883 0.548177 0.629883 0.552083 0.626953 0.55599 0.626953 0.558594 0.625977 0.559896 0.625977 0.561198 0.625 0.5625 0.625 0.570312 0.625977 0.571615
0 0.628906 0.545573 0.628906 0.528646 0.62793 0.528646 0.626953 0.527344 0.625977 0.527344 0.625977 0.532552 0.626953 0.533854 0.626953 0.535156 0.62793 0.536458 0.62793 0.539062 0.628906 0.540365 0.628906 0.545573 0.62793 0.549479 0.626953 0.549479 0.625 0.546875 0.624023 0.546875 0.623047 0.545573 0.621094 0.545573 0.620117 0.544271 0.619141 0.544271 0.618164 0.542969 0.617188 0.542969 0.616211 0.541667 0.614258 0.541667 0.613281 0.540365 0.612305 0.541667 0.594727 0.541667 0.59375 0.540365 0.591797 0.540365 0.59082 0.539062 0.585938 0.539062 0.584961 0.53776 0.583008 0.53776 0.582031 0.536458 0.577148 0.536458 0.576172 0.53776 0.575195 0.53776 0.574219 0.539062 0.573242 0.539062 0.571289 0.541667 0.570312 0.541667 0.569336 0.542969 0.567383 0.542969 0.566406 0.544271 0.561523 0.544271 0.560547 0.542969 0.557617 0.542969 0.556641 0.541667 0.553711 0.541667 0.551758 0.539062 0.550781 0.539062 0.549805 0.53776 0.548828 0.53776 0.547852 0.536458 0.546875 0.536458 0.544922 0.533854 0.543945 0.533854 0.541992 0.53125 0.541016 0.53125 0.540039 0.529948 0.539062 0.529948 0.538086 0.528646 0.537109 0.528646 0.536133 0.527344 0.532227 0.527344 0.532227 0.532552 0.533203 0.533854 0.533203 0.53776 0.53418 0.539062 0.53418 0.545573 0.535156 0.546875 0.535156 0.548177 0.53418 0.549479 0.53418 0.552083 0.533203 0.553385 0.533203 0.554688 0.532227 0.55599 0.532227 0.557292 0.53125 0.558594 0.53125 0.567708 0.532227 0.56901 0.533203 0.56901 0.53418 0.567708 0.539062 0.567708 0.540039 0.566406 0.542969 0.566406 0.543945 0.565104 0.545898 0.565104 0.546875 0.563802 0.547852 0.563802 0.548828 0.5625 0.55957 0.5625 0.560547 0.563802 0.5625 0.563802 0.563477 0.565104 0.564453 0.565104 0.566406 0.567708 0.566406 0.56901 0.569336 0.572917 0.569336 0.574219 0.574219 0.574219 0.575195 0.575521 0.576172 0.575521 0.577148 0.574219 0.579102 0.574219 0.580078 0.575521 0.584961 0.575521 0.585938 0.576823 0.587891 0.576823 0.588867 0.578125 0.592773 0.578125 0.59375 0.579427 0.59668 0.579427 0.597656 0.580729 0.618164 0.580729 0.619141 0.579427 0.621094 0.579427 0.621094 0.578125 0.62207 0.576823 0.62207 0.575521 0.623047 0.574219 0.624023 0.574219 0.625977 0.571615 0.628906 0.575521 0.628906 0.578125 0.62793 0.579427 0.62793 0.580729 0.628906 0.580729 0.628906 0.553385 0.62793 0.552083 0.62793 0.549479
0 0.625977 0.578125 0.625 0.578125 0.625977 0.578125 0.625977 0.571615 0.625977 0.570312 0.628906 0.566406 0.628906 0.565104 0.630859 0.5625 0.630859 0.561198 0.632812 0.558594 0.643555 0.558594 0.644531 0.559896 0.65332 0.559896 0.654297 0.561198 0.65625 0.561198 0.657227 0.5625 0.658203 0.5625 0.65918 0.563802 0.660156 0.563802 0.661133 0.565104 0.662109 0.565104 0.663086 0.566406 0.664062 0.566406 0.666016 0.56901 0.666992 0.56901 0.667969 0.570312 0.668945 0.570312 0.669922 0.571615 0.671875 0.571615 0.672852 0.572917 0.674805 0.572917 0.675781 0.574219 0.681641 0.574219 0.682617 0.575521 0.6875 0.575521 0.688477 0.576823 0.691406 0.576823 0.692383 0.578125 0.730469 0.578125 0.731445 0.576823 0.733398 0.576823 0.734375 0.575521 0.738281 0.575521 0.739258 0.574219 0.743164 0.574219 0.745117 0.571615 0.746094 0.571615 0.74707 0.570312 0.749023 0.570312 0.75 0.56901 0.750977 0.56901 0.75293 0.566406 0.75293 0.561198 0.750977 0.558594 0.75 0.558594 0.748047 0.55599 0.74707 0.55599 0.746094 0.554688 0.745117 0.554688 0.744141 0.553385 0.743164 0.553385 0.742188 0.552083 0.741211 0.552083 0.740234 0.550781 0.739258 0.550781 0.738281 0.549479 0.737305 0.549479 0.736328 0.548177 0.735352 0.548177 0.734375 0.546875 0.732422 0.546875 0.731445 0.545573 0.730469 0.545573 0.729492 0.544271 0.727539 0.544271 0.726562 0.542969 0.724609 0.542969 0.723633 0.541667 0.720703 0.541667 0.719727 0.540365 0.71582 0.540365 0.714844 0.539062 0.711914 0.539062 0.710938 0.53776 0.708008 0.53776 0.707031 0.536458 0.677734 0.536458 0.676758 0.53776 0.673828 0.53776 0.672852 0.539062 0.670898 0.539062 0.669922 0.540365 0.657227 0.540365 0.65625 0.541667 0.649414 0.541667 0.648438 0.540365 0.646484 0.540365 0.645508 0.539062 0.643555 0.539062 0.642578 0.53776 0.640625 0.53776 0.638672 0.535156 0.637695 0.535156 0.636719 0.533854 0.635742 0.533854 0.633789 0.53125 0.632812 0.53125 0.630859 0.528646 0.625 0.528646 0.625 0.532552 0.625977 0.533854 0.625977 0.535156 0.626953 0.536458 0.626953 0.53776 0.62793 0.539062 0.62793 0.541667 0.628906 0.542969 0.628906 0.546875 0.629883 0.548177 0.629883 0.552083 0.626953 0.55599 0.626953 0.558594 0.625977 0.559896 0.625977 0.561198 0.625 0.5625 0.625 0.570312 0.625977 0.571615
0 0.628906 0.545573 0.628906 0.528646 0.62793 0.528646 0.626953 0.527344 0.625977 0.527344 0.625977 0.532552 0.626953 0.533854 0.626953 0.535156 0.62793 0.536458 0.62793 0.539062 0.628906 0.540365 0.628906 0.545573 0.62793 0.549479 0.626953 0.549479 0.625 0.546875 0.624023 0.546875 0.623047 0.545573 0.621094 0.545573 0.620117 0.544271 0.619141 0.544271 0.618164 0.542969 0.617188 0.542969 0.616211 0.541667 0.614258 0.541667 0.613281 0.540365 0.612305 0.541667 0.594727 0.541667 0.59375 0.540365 0.591797 0.540365 0.59082 0.539062 0.585938 0.539062 0.584961 0.53776 0.583008 0.53776 0.582031 0.536458 0.577148 0.536458 0.576172 0.53776 0.575195 0.53776 0.574219 0.539062 0.573242 0.539062 0.571289 0.541667 0.570312 0.541667 0.569336 0.542969 0.567383 0.542969 0.566406 0.544271 0.561523 0.544271 0.560547 0.542969 0.557617 0.542969 0.556641 0.541667 0.553711 0.541667 0.551758 0.539062 0.550781 0.539062 0.549805 0.53776 0.548828 0.53776 0.547852 0.536458 0.546875 0.536458 0.544922 0.533854 0.543945 0.533854 0.541992 0.53125 0.541016 0.53125 0.540039 0.529948 0.539062 0.529948 0.538086 0.528646 0.537109 0.528646 0.536133 0.527344 0.532227 0.527344 0.532227 0.532552 0.533203 0.533854 0.533203 0.53776 0.53418 0.539062 0.53418 0.545573 0.535156 0.546875 0.535156 0.548177 0.53418 0.549479 0.53418 0.552083 0.533203 0.553385 0.533203 0.554688 0.532227 0.55599 0.532227 0.557292 0.53125 0.558594 0.53125 0.567708 0.532227 0.56901 0.533203 0.56901 0.53418 0.567708 0.539062 0.567708 0.540039 0.566406 0.542969 0.566406 0.543945 0.565104 0.545898 0.565104 0.546875 0.563802 0.547852 0.563802 0.548828 0.5625 0.55957 0.5625 0.560547 0.563802 0.5625 0.563802 0.563477 0.565104 0.564453 0.565104 0.566406 0.567708 0.566406 0.56901 0.569336 0.572917 0.569336 0.574219 0.574219 0.574219 0.575195 0.575521 0.576172 0.575521 0.577148 0.574219 0.579102 0.574219 0.580078 0.575521 0.584961 0.575521 0.585938 0.576823 0.587891 0.576823 0.588867 0.578125 0.592773 0.578125 0.59375 0.579427 0.59668 0.579427 0.597656 0.580729 0.618164 0.580729 0.619141 0.579427 0.621094 0.579427 0.621094 0.578125 0.62207 0.576823 0.62207 0.575521 0.623047 0.574219 0.624023 0.574219 0.625977 0.571615 0.628906 0.575521 0.628906 0.578125 0.62793 0.579427 0.62793 0.580729 0.628906 0.580729 0.628906 0.553385 0.62793 0.552083 0.62793 0.549479
0 0.625977 0.578125 0.625 0.578125 0.625977 0.578125 0.625977 0.571615 0.625977 0.570312 0.628906 0.566406 0.628906 0.565104 0.630859 0.5625 0.630859 0.561198 0.632812 0.558594 0.643555 0.558594 0.644531 0.559896 0.65332 0.559896 0.654297 0.561198 0.65625 0.561198 0.657227 0.5625 0.658203 0.5625 0.65918 0.563802 0.660156 0.563802 0.661133 0.565104 0.662109 0.565104 0.663086 0.566406 0.664062 0.566406 0.666016 0.56901 0.666992 0.56901 0.667969 0.570312 0.668945 0.570312 0.669922 0.571615 0.671875 0.571615 0.672852 0.572917 0.674805 0.572917 0.675781 0.574219 0.681641 0.574219 0.682617 0.575521 0.6875 0.575521 0.688477 0.576823 0.691406 0.576823 0.692383 0.578125 0.730469 0.578125 0.731445 0.576823 0.733398 0.576823 0.734375 0.575521 0.738281 0.575521 0.739258 0.574219 0.743164 0.574219 0.745117 0.571615 0.746094 0.571615 0.74707 0.570312 0.749023 0.570312 0.75 0.56901 0.750977 0.56901 0.75293 0.566406 0.75293 0.561198 0.750977 0.558594 0.75 0.558594 0.748047 0.55599 0.74707 0.55599 0.746094 0.554688 0.745117 0.554688 0.744141 0.553385 0.743164 0.553385 0.742188 0.552083 0.741211 0.552083 0.740234 0.550781 0.739258 0.550781 0.738281 0.549479 0.737305 0.549479 0.736328 0.548177 0.735352 0.548177 0.734375 0.546875 0.732422 0.546875 0.731445 0.545573 0.730469 0.545573 0.729492 0.544271 0.727539 0.544271 0.726562 0.542969 0.724609 0.542969 0.723633 0.541667 0.720703 0.541667 0.719727 0.540365 0.71582 0.540365 0.714844 0.539062 0.711914 0.539062 0.710938 0.53776 0.708008 0.53776 0.707031 0.536458 0.677734 0.536458 0.676758 0.53776 0.673828 0.53776 0.672852 0.539062 0.670898 0.539062 0.669922 0.540365 0.657227 0.540365 0.65625 0.541667 0.649414 0.541667 0.648438 0.540365 0.646484 0.540365 0.645508 0.539062 0.643555 0.539062 0.642578 0.53776 0.640625 0.53776 0.638672 0.535156 0.637695 0.535156 0.636719 0.533854 0.635742 0.533854 0.633789 0.53125 0.632812 0.53125 0.630859 0.528646 0.625 0.528646 0.625 0.532552 0.625977 0.533854 0.625977 0.535156 0.626953 0.536458 0.626953 0.53776 0.62793 0.539062 0.62793 0.541667 0.628906 0.542969 0.628906 0.546875 0.629883 0.548177 0.629883 0.552083 0.626953 0.55599 0.626953 0.558594 0.625977 0.559896 0.625977 0.561198 0.625 0.5625 0.625 0.570312 0.625977 0.571615
0 0.628906 0.545573 0.628906 0.528646 0.62793 0.528646 0.626953 0.527344 0.625977 0.527344 0.625977 0.532552 0.626953 0.533854 0.626953 0.535156 0.62793 0.536458 0.62793 0.539062 0.628906 0.540365 0.628906 0.545573 0.62793 0.549479 0.626953 0.549479 0.625 0.546875 0.624023 0.546875 0.623047 0.545573 0.621094 0.545573 0.620117 0.544271 0.619141 0.544271 0.618164 0.542969 0.617188 0.542969 0.616211 0.541667 0.614258 0.541667 0.613281 0.540365 0.612305 0.541667 0.594727 0.541667 0.59375 0.540365 0.591797 0.540365 0.59082 0.539062 0.585938 0.539062 0.584961 0.53776 0.583008 0.53776 0.582031 0.536458 0.577148 0.536458 0.576172 0.53776 0.575195 0.53776 0.574219 0.539062 0.573242 0.539062 0.571289 0.541667 0.570312 0.541667 0.569336 0.542969 0.567383 0.542969 0.566406 0.544271 0.561523 0.544271 0.560547 0.542969 0.557617 0.542969 0.556641 0.541667 0.553711 0.541667 0.551758 0.539062 0.550781 0.539062 0.549805 0.53776 0.548828 0.53776 0.547852 0.536458 0.546875 0.536458 0.544922 0.533854 0.543945 0.533854 0.541992 0.53125 0.541016 0.53125 0.540039 0.529948 0.539062 0.529948 0.538086 0.528646 0.537109 0.528646 0.536133 0.527344 0.532227 0.527344 0.532227 0.532552 0.533203 0.533854 0.533203 0.53776 0.53418 0.539062 0.53418 0.545573 0.535156 0.546875 0.535156 0.548177 0.53418 0.549479 0.53418 0.552083 0.533203 0.553385 0.533203 0.554688 0.532227 0.55599 0.532227 0.557292 0.53125 0.558594 0.53125 0.567708 0.532227 0.56901 0.533203 0.56901 0.53418 0.567708 0.539062 0.567708 0.540039 0.566406 0.542969 0.566406 0.543945 0.565104 0.545898 0.565104 0.546875 0.563802 0.547852 0.563802 0.548828 0.5625 0.55957 0.5625 0.560547 0.563802 0.5625 0.563802 0.563477 0.565104 0.564453 0.565104 0.566406 0.567708 0.566406 0.56901 0.569336 0.572917 0.569336 0.574219 0.574219 0.574219 0.575195 0.575521 0.576172 0.575521 0.577148 0.574219 0.579102 0.574219 0.580078 0.575521 0.584961 0.575521 0.585938 0.576823 0.587891 0.576823 0.588867 0.578125 0.592773 0.578125 0.59375 0.579427 0.59668 0.579427 0.597656 0.580729 0.618164 0.580729 0.619141 0.579427 0.621094 0.579427 0.621094 0.578125 0.62207 0.576823 0.62207 0.575521 0.623047 0.574219 0.624023 0.574219 0.625977 0.571615 0.628906 0.575521 0.628906 0.578125 0.62793 0.579427 0.62793 0.580729 0.628906 0.580729 0.628906 0.553385 0.62793 0.552083 0.62793 0.549479
0 0.625977 0.578125 0.625 0.578125 0.625977 0.578125 0.625977 0.571615 0.625977 0.570312 0.628906 0.566406 0.628906 0.565104 0.630859 0.5625 0.630859 0.561198 0.632812 0.558594 0.643555 0.558594 0.644531 0.559896 0.65332 0.559896 0.654297 0.561198 0.65625 0.561198 0.657227 0.5625 0.658203 0.5625 0.65918 0.563802 0.660156 0.563802 0.661133 0.565104 0.662109 0.565104 0.663086 0.566406 0.664062 0.566406 0.666016 0.56901 0.666992 0.56901 0.667969 0.570312 0.668945 0.570312 0.669922 0.571615 0.671875 0.571615 0.672852 0.572917 0.674805 0.572917 0.675781 0.574219 0.681641 0.574219 0.682617 0.575521 0.6875 0.575521 0.688477 0.576823 0.691406 0.576823 0.692383 0.578125 0.730469 0.578125 0.731445 0.576823 0.733398 0.576823 0.734375 0.575521 0.738281 0.575521 0.739258 0.574219 0.743164 0.574219 0.745117 0.571615 0.746094 0.571615 0.74707 0.570312 0.749023 0.570312 0.75 0.56901 0.750977 0.56901 0.75293 0.566406 0.75293 0.561198 0.750977 0.558594 0.75 0.558594 0.748047 0.55599 0.74707 0.55599 0.746094 0.554688 0.745117 0.554688 0.744141 0.553385 0.743164 0.553385 0.742188 0.552083 0.741211 0.552083 0.740234 0.550781 0.739258 0.550781 0.738281 0.549479 0.737305 0.549479 0.736328 0.548177 0.735352 0.548177 0.734375 0.546875 0.732422 0.546875 0.731445 0.545573 0.730469 0.545573 0.729492 0.544271 0.727539 0.544271 0.726562 0.542969 0.724609 0.542969 0.723633 0.541667 0.720703 0.541667 0.719727 0.540365 0.71582 0.540365 0.714844 0.539062 0.711914 0.539062 0.710938 0.53776 0.708008 0.53776 0.707031 0.536458 0.677734 0.536458 0.676758 0.53776 0.673828 0.53776 0.672852 0.539062 0.670898 0.539062 0.669922 0.540365 0.657227 0.540365 0.65625 0.541667 0.649414 0.541667 0.648438 0.540365 0.646484 0.540365 0.645508 0.539062 0.643555 0.539062 0.642578 0.53776 0.640625 0.53776 0.638672 0.535156 0.637695 0.535156 0.636719 0.533854 0.635742 0.533854 0.633789 0.53125 0.632812 0.53125 0.630859 0.528646 0.625 0.528646 0.625 0.532552 0.625977 0.533854 0.625977 0.535156 0.626953 0.536458 0.626953 0.53776 0.62793 0.539062 0.62793 0.541667 0.628906 0.542969 0.628906 0.546875 0.629883 0.548177 0.629883 0.552083 0.626953 0.55599 0.626953 0.558594 0.625977 0.559896 0.625977 0.561198 0.625 0.5625 0.625 0.570312 0.625977 0.571615
0 0.628906 0.545573 0.628906 0.528646 0.62793 0.528646 0.626953 0.527344 0.625977 0.527344 0.625977 0.532552 0.626953 0.533854 0.626953 0.535156 0.62793 0.536458 0.62793 0.539062 0.628906 0.540365 0.628906 0.545573 0.62793 0.549479 0.626953 0.549479 0.625 0.546875 0.624023 0.546875 0.623047 0.545573 0.621094 0.545573 0.620117 0.544271 0.619141 0.544271 0.618164 0.542969 0.617188 0.542969 0.616211 0.541667 0.614258 0.541667 0.613281 0.540365 0.612305 0.541667 0.594727 0.541667 0.59375 0.540365 0.591797 0.540365 0.59082 0.539062 0.585938 0.539062 0.584961 0.53776 0.583008 0.53776 0.582031 0.536458 0.577148 0.536458 0.576172 0.53776 0.575195 0.53776 0.574219 0.539062 0.573242 0.539062 0.571289 0.541667 0.570312 0.541667 0.569336 0.542969 0.567383 0.542969 0.566406 0.544271 0.561523 0.544271 0.560547 0.542969 0.557617 0.542969 0.556641 0.541667 0.553711 0.541667 0.551758 0.539062 0.550781 0.539062 0.549805 0.53776 0.548828 0.53776 0.547852 0.536458 0.546875 0.536458 0.544922 0.533854 0.543945 0.533854 0.541992 0.53125 0.541016 0.53125 0.540039 0.529948 0.539062 0.529948 0.538086 0.528646 0.537109 0.528646 0.536133 0.527344 0.532227 0.527344 0.532227 0.532552 0.533203 0.533854 0.533203 0.53776 0.53418 0.539062 0.53418 0.545573 0.535156 0.546875 0.535156 0.548177 0.53418 0.549479 0.53418 0.552083 0.533203 0.553385 0.533203 0.554688 0.532227 0.55599 0.532227 0.557292 0.53125 0.558594 0.53125 0.567708 0.532227 0.56901 0.533203 0.56901 0.53418 0.567708 0.539062 0.567708 0.540039 0.566406 0.542969 0.566406 0.543945 0.565104 0.545898 0.565104 0.546875 0.563802 0.547852 0.563802 0.548828 0.5625 0.55957 0.5625 0.560547 0.563802 0.5625 0.563802 0.563477 0.565104 0.564453 0.565104 0.566406 0.567708 0.566406 0.56901 0.569336 0.572917 0.569336 0.574219 0.574219 0.574219 0.575195 0.575521 0.576172 0.575521 0.577148 0.574219 0.579102 0.574219 0.580078 0.575521 0.584961 0.575521 0.585938 0.576823 0.587891 0.576823 0.588867 0.578125 0.592773 0.578125 0.59375 0.579427 0.59668 0.579427 0.597656 0.580729 0.618164 0.580729 0.619141 0.579427 0.621094 0.579427 0.621094 0.578125 0.62207 0.576823 0.62207 0.575521 0.623047 0.574219 0.624023 0.574219 0.625977 0.571615 0.628906 0.575521 0.628906 0.578125 0.62793 0.579427 0.62793 0.580729 0.628906 0.580729 0.628906 0.553385 0.62793 0.552083 0.62793 0.549479
