0 0.516602 0.53776 0.515625 0.539062 0.512695 0.539062 0.511719 0.540365 0.509766 0.540365 0.508789 0.541667 0.505859 0.541667 0.504883 0.542969 0.501953 0.542969 0.500977 0.544271 0.499023 0.544271 0.498047 0.545573 0.495117 0.545573 0.494141 0.546875 0.492188 0.546875 0.491211 0.548177 0.491211 0.55599 0.492188 0.557292 0.493164 0.557292 0.494141 0.558594 0.495117 0.558594 0.499023 0.563802 0.5 0.563802 0.501953 0.566406 0.504883 0.566406 0.505859 0.567708 0.506836 0.567708 0.507812 0.56901 0.510742 0.56901 0.511719 0.570312 0.518555 0.570312 0.519531 0.571615 0.52832 0.571615 0.529297 0.572917 0.5625 0.572917 0.563477 0.571615 0.577148 0.571615 0.578125 0.570312 0.579102 0.570312 0.580078 0.56901 0.582031 0.56901 0.583984 0.566406 0.583984 0.5625 0.583008 0.561198 0.583008 0.559896 0.582031 0.559896 0.580078 0.557292 0.580078 0.55599 0.579102 0.554688 0.578125 0.554688 0.574219 0.549479 0.573242 0.549479 0.570312 0.545573 0.569336 0.545573 0.567383 0.542969 0.566406 0.542969 0.56543 0.541667 0.564453 0.541667 0.563477 0.540365 0.5625 0.540365 0.561523 0.539062 0.558594 0.539062 0.557617 0.53776
0 0.575195 0.505208 0.574219 0.50651 0.574219 0.509115 0.572266 0.511719 0.572266 0.513021 0.571289 0.514323 0.571289 0.519531 0.570312 0.520833 0.570312 0.541667 0.572266 0.544271 0.572266 0.545573 0.574219 0.548177 0.575195 0.548177 0.578125 0.552083 0.579102 0.552083 0.582031 0.55599 0.582031 0.558594 0.583984 0.561198 0.583984 0.5625 0.585938 0.565104 0.585938 0.566406 0.587891 0.566406 0.588867 0.567708 0.586914 0.570312 0.583008 0.570312 0.582031 0.571615 0.575195 0.571615 0.610352 0.571615 0.610352 0.56901 0.611328 0.567708 0.611328 0.566406 0.612305 0.565104 0.612305 0.5625 0.613281 0.561198 0.613281 0.550781 0.612305 0.550781 0.598633 0.532552 0.597656 0.532552 0.592773 0.526042 0.591797 0.526042 0.59082 0.52474 0.589844 0.52474 0.587891 0.522135 0.586914 0.522135 0.583984 0.518229 0.583984 0.515625 0.583008 0.514323 0.583008 0.511719 0.582031 0.510417 0.582031 0.507812 0.580078 0.505208
0 0.516602 0.53776 0.515625 0.539062 0.512695 0.539062 0.511719 0.540365 0.509766 0.540365 0.508789 0.541667 0.505859 0.541667 0.504883 0.542969 0.501953 0.542969 0.500977 0.544271 0.499023 0.544271 0.498047 0.545573 0.495117 0.545573 0.494141 0.546875 0.492188 0.546875 0.491211 0.548177 0.491211 0.55599 0.492188 0.557292 0.493164 0.557292 0.494141 0.558594 0.495117 0.558594 0.499023 0.563802 0.5 0.563802 0.501953 0.566406 0.504883 0.566406 0.505859 0.567708 0.506836 0.567708 0.507812 0.56901 0.510742 0.56901 0.511719 0.570312 0.518555 0.570312 0.519531 0.571615 0.52832 0.571615 0.529297 0.572917 0.5625 0.572917 0.563477 0.571615 0.577148 0.571615 0.578125 0.570312 0.579102 0.570312 0.580078 0.56901 0.582031 0.56901 0.583984 0.566406 0.583984 0.5625 0.583008 0.561198 0.583008 0.559896 0.582031 0.559896 0.580078 0.557292 0.580078 0.55599 0.579102 0.554688 0.578125 0.554688 0.574219 0.549479 0.573242 0.549479 0.570312 0.545573 0.569336 0.545573 0.567383 0.542969 0.566406 0.542969 0.56543 0.541667 0.564453 0.541667 0.563477 0.540365 0.5625 0.540365 0.561523 0.539062 0.558594 0.539062 0.557617 0.53776
0 0.575195 0.505208 0.574219 0.50651 0.574219 0.509115 0.572266 0.511719 0.572266 0.513021 0.571289 0.514323 0.571289 0.519531 0.570312 0.520833 0.570312 0.541667 0.572266 0.544271 0.572266 0.545573 0.574219 0.548177 0.575195 0.548177 0.578125 0.552083 0.579102 0.552083 0.582031 0.55599 0.582031 0.558594 0.583984 0.561198 0.583984 0.5625 0.585938 0.565104 0.585938 0.566406 0.587891 0.566406 0.588867 0.567708 0.586914 0.570312 0.583008 0.570312 0.582031 0.571615 0.575195 0.571615 0.610352 0.571615 0.610352 0.56901 0.611328 0.567708 0.611328 0.566406 0.612305 0.565104 0.612305 0.5625 0.613281 0.561198 0.613281 0.550781 0.612305 0.550781 0.598633 0.532552 0.597656 0.532552 0.592773 0.526042 0.591797 0.526042 0.59082 0.52474 0.589844 0.52474 0.587891 0.522135 0.586914 0.522135 0.583984 0.518229 0.583984 0.515625 0.583008 0.514323 0.583008 0.511719 0.582031 0.510417 0.582031 0.507812 0.580078 0.505208
0 0.516602 0.53776 0.515625 0.539062 0.512695 0.539062 0.511719 0.540365 0.509766 0.540365 0.508789 0.541667 0.505859 0.541667 0.504883 0.542969 0.501953 0.542969 0.500977 0.544271 0.499023 0.544271 0.498047 0.545573 0.495117 0.545573 0.494141 0.546875 0.492188 0.546875 0.491211 0.548177 0.491211 0.55599 0.492188 0.557292 0.493164 0.557292 0.494141 0.558594 0.495117 0.558594 0.499023 0.563802 0.5 0.563802 0.501953 0.566406 0.504883 0.566406 0.505859 0.567708 0.506836 0.567708 0.507812 0.56901 0.510742 0.56901 0.511719 0.570312 0.518555 0.570312 0.519531 0.571615 0.52832 0.571615 0.529297 0.572917 0.5625 0.572917 0.563477 0.571615 0.577148 0.571615 0.578125 0.570312 0.579102 0.570312 0.580078 0.56901 0.582031 0.56901 0.583984 0.566406 0.583984 0.5625 0.583008 0.561198 0.583008 0.559896 0.582031 0.559896 0.580078 0.557292 0.580078 0.55599 0.579102 0.554688 0.578125 0.554688 0.574219 0.549479 0.573242 0.549479 0.570312 0.545573 0.569336 0.545573 0.567383 0.542969 0.566406 0.542969 0.56543 0.541667 0.564453 0.541667 0.563477 0.540365 0.5625 0.540365 0.561523 0.539062 0.558594 0.539062 0.557617 0.53776
0 0.575195 0.505208 0.574219 0.50651 0.574219 0.509115 0.572266 0.511719 0.572266 0.513021 0.571289 0.514323 0.571289 0.519531 0.570312 0.520833 0.570312 0.541667 0.572266 0.544271 0.572266 0.545573 0.574219 0.548177 0.575195 0.548177 0.578125 0.552083 0.579102 0.552083 0.582031 0.55599 0.582031 0.558594 0.583984 0.561198 0.583984 0.5625 0.585938 0.565104 0.585938 0.566406 0.587891 0.566406 0.588867 0.567708 0.586914 0.570312 0.583008 0.570312 0.582031 0.571615 0.575195 0.571615 0.610352 0.571615 0.610352 0.56901 0.611328 0.567708 0.611328 0.566406 0.612305 0.565104 0.612305 0.5625 0.613281 0.561198 0.613281 0.550781 0.612305 0.550781 0.598633 0.532552 0.597656 0.532552 0.592773 0.526042 0.591797 0.526042 0.59082 0.52474 0.589844 0.52474 0.587891 0.522135 0.586914 0.522135 0.583984 0.518229 0.583984 0.515625 0.583008 0.514323 0.583008 0.511719 0.582031 0.510417 0.582031 0.507812 0.580078 0.505208
0 0.516602 0.53776 0.515625 0.539062 0.512695 0.539062 0.511719 0.540365 0.509766 0.540365 0.508789 0.541667 0.505859 0.541667 0.504883 0.542969 0.501953 0.542969 0.500977 0.544271 0.499023 0.544271 0.498047 0.545573 0.495117 0.545573 0.494141 0.546875 0.492188 0.546875 0.491211 0.548177 0.491211 0.55599 0.492188 0.557292 0.493164 0.557292 0.494141 0.558594 0.495117 0.558594 0.499023 0.563802 0.5 0.563802 0.501953 0.566406 0.504883 0.566406 0.505859 0.567708 0.506836 0.567708 0.507812 0.56901 0.510742 0.56901 0.511719 0.570312 0.518555 0.570312 0.519531 0.571615 0.52832 0.571615 0.529297 0.572917 0.5625 0.572917 0.563477 0.571615 0.577148 0.571615 0.578125 0.570312 0.579102 0.570312 0.580078 0.56901 0.582031 0.56901 0.583984 0.566406 0.583984 0.5625 0.583008 0.561198 0.583008 0.559896 0.582031 0.559896 0.580078 0.557292 0.580078 0.55599 0.579102 0.554688 0.578125 0.554688 0.574219 0.549479 0.573242 0.549479 0.570312 0.545573 0.569336 0.545573 0.567383 0.542969 0.566406 0.542969 0.56543 0.541667 0.564453 0.541667 0.563477 0.540365 0.5625 0.540365 0.561523 0.539062 0.558594 0.539062 0.557617 0.53776
0 0.575195 0.505208 0.574219 0.50651 0.574219 0.509115 0.572266 0.511719 0.572266 0.513021 0.571289 0.514323 0.571289 0.519531 0.570312 0.520833 0.570312 0.541667 0.572266 0.544271 0.572266 0.545573 0.574219 0.548177 0.575195 0.548177 0.578125 0.552083 0.579102 0.552083 0.582031 0.55599 0.582031 0.558594 0.583984 0.561198 0.583984 0.5625 0.585938 0.565104 0.585938 0.566406 0.587891 0.566406 0.588867 0.567708 0.586914 0.570312 0.583008 0.570312 0.582031 0.571615 0.575195 0.571615 0.610352 0.571615 0.610352 0.56901 0.611328 0.567708 0.611328 0.566406 0.612305 0.565104 0.612305 0.5625 0.613281 0.561198 0.613281 0.550781 0.612305 0.550781 0.598633 0.532552 0.597656 0.532552 0.592773 0.526042 0.591797 0.526042 0.59082 0.52474 0.589844 0.52474 0.587891 0.522135 0.586914 0.522135 0.583984 0.518229 0.583984 0.515625 0.583008 0.514323 0.583008 0.511719 0.582031 0.510417 0.582031 0.507812 0.580078 0.505208
0 0.516602 0.53776 0.515625 0.539062 0.512695 0.539062 0.511719 0.540365 0.509766 0.540365 0.508789 0.541667 0.505859 0.541667 0.504883 0.542969 0.501953 0.542969 0.500977 0.544271 0.499023 0.544271 0.498047 0.545573 0.495117 0.545573 0.494141 0.546875 0.492188 0.546875 0.491211 0.548177 0.491211 0.55599 0.492188 0.557292 0.493164 0.557292 0.494141 0.558594 0.495117 0.558594 0.499023 0.563802 0.5 0.563802 0.501953 0.566406 0.504883 0.566406 0.505859 0.567708 0.506836 0.567708 0.507812 0.56901 0.510742 0.56901 0.511719 0.570312 0.518555 0.570312 0.519531 0.571615 0.52832 0.571615 0.529297 0.572917 0.5625 0.572917 0.563477 0.571615 0.577148 0.571615 0.578125 0.570312 0.579102 0.570312 0.580078 0.56901 0.582031 0.56901 0.583984 0.566406 0.583984 0.5625 0.583008 0.561198 0.583008 0.559896 0.582031 0.559896 0.580078 0.557292 0.580078 0.55599 0.579102 0.554688 0.578125 0.554688 0.574219 0.549479 0.573242 0.549479 0.570312 0.545573 0.569336 0.545573 0.567383 0.542969 0.566406 0.542969 0.56543 0.541667 0.564453 0.541667 0.563477 0.540365 0.5625 0.540365 0.561523 0.539062 0.558594 0.539062 0.557617 0.53776
0 0.575195 0.505208 0.574219 0.50651 0.574219 0.509115 0.572266 0.511719 0.572266 0.513021 0.571289 0.514323 0.571289 0.519531 0.570312 0.520833 0.570312 0.541667 0.572266 0.544271 0.572266 0.545573 0.574219 0.548177 0.575195 0.548177 0.578125 0.552083 0.579102 0.552083 0.582031 0.55599 0.582031 0.558594 0.583984 0.561198 0.583984 0.5625 0.585938 0.565104 0.585938 0.566406 0.587891 0.566406 0.588867 0.567708 0.586914 0.570312 0.583008 0.570312 0.582031 0.571615 0.575195 0.571615 0.610352 0.571615 0.610352 0.56901 0.611328 0.567708 0.611328 0.566406 0.612305 0.565104 0.612305 0.5625 0.613281 0.561198 0.613281 0.550781 0.612305 0.550781 0.598633 0.532552 0.597656 0.532552 0.592773 0.526042 0.591797 0.526042 0.59082 0.52474 0.589844 0.52474 0.587891 0.522135 0.586914 0.522135 0.583984 0.518229 0.583984 0.515625 0.583008 0.514323 0.583008 0.511719 0.582031 0.510417 0.582031 0.507812 0.580078 0.505208
0 0.516602 0.53776 0.515625 0.539062 0.512695 0.539062 0.511719 0.540365 0.509766 0.540365 0.508789 0.541667 0.505859 0.541667 0.504883 0.542969 0.501953 0.542969 0.500977 0.544271 0.499023 0.544271 0.498047 0.545573 0.495117 0.545573 0.494141 0.546875 0.492188 0.546875 0.491211 0.548177 0.491211 0.55599 0.492188 0.557292 0.493164 0.557292 0.494141 0.558594 0.495117 0.558594 0.499023 0.563802 0.5 0.563802 0.501953 0.566406 0.504883 0.566406 0.505859 0.567708 0.506836 0.567708 0.507812 0.56901 0.510742 0.56901 0.511719 0.570312 0.518555 0.570312 0.519531 0.571615 0.52832 0.571615 0.529297 0.572917 0.5625 0.572917 0.563477 0.571615 0.577148 0.571615 0.578125 0.570312 0.579102 0.570312 0.580078 0.56901 0.582031 0.56901 0.583984 0.566406 0.583984 0.5625 0.583008 0.561198 0.583008 0.559896 0.582031 0.559896 0.580078 0.557292 0.580078 0.55599 0.579102 0.554688 0.578125 0.554688 0.574219 0.549479 0.573242 0.549479 0.570312 0.545573 0.569336 0.545573 0.567383 0.542969 0.566406 0.542969 0.56543 0.541667 0.564453 0.541667 0.563477 0.540365 0.5625 0.540365 0.561523 0.539062 0.558594 0.539062 0.557617 0.53776
0 0.575195 0.505208 0.574219 0.50651 0.574219 0.509115 0.572266 0.511719 0.572266 0.513021 0.571289 0.514323 0.571289 0.519531 0.570312 0.520833 0.570312 0.541667 0.572266 0.544271 0.572266 0.545573 0.574219 0.548177 0.575195 0.548177 0.578125 0.552083 0.579102 0.552083 0.582031 0.55599 0.582031 0.558594 0.583984 0.561198 0.583984 0.5625 0.585938 0.565104 0.585938 0.566406 0.587891 0.566406 0.588867 0.567708 0.586914 0.570312 0.583008 0.570312 0.582031 0.571615 0.575195 0.571615 0.610352 0.571615 0.610352 0.56901 0.611328 0.567708 0.611328 0.566406 0.612305 0.565104 0.612305 0.5625 0.613281 0.561198 0.613281 0.550781 0.612305 0.550781 0.598633 0.532552 0.597656 0.532552 0.592773 0.526042 0.591797 0.526042 0.59082 0.52474 0.589844 0.52474 0.587891 0.522135 0.586914 0.522135 0.583984 0.518229 0.583984 0.515625 0.583008 0.514323 0.583008 0.511719 0.582031 0.510417 0.582031 0.507812 0.580078 0.505208
0 0.516602 0.53776 0.515625 0.539062 0.512695 0.539062 0.511719 0.540365 0.509766 0.540365 0.508789 0.541667 0.505859 0.541667 0.504883 0.542969 0.501953 0.542969 0.500977 0.544271 0.499023 0.544271 0.498047 0.545573 0.495117 0.545573 0.494141 0.546875 0.492188 0.546875 0.491211 0.548177 0.491211 0.55599 0.492188 0.557292 0.493164 0.557292 0.494141 0.558594 0.495117 0.558594 0.499023 0.563802 0.5 0.563802 0.501953 0.566406 0.504883 0.566406 0.505859 0.567708 0.506836 0.567708 0.507812 0.56901 0.510742 0.56901 0.511719 0.570312 0.518555 0.570312 0.519531 0.571615 0.52832 0.571615 0.529297 0.572917 0.5625 0.572917 0.563477 0.571615 0.577148 0.571615 0.578125 0.570312 0.579102 0.570312 0.580078 0.56901 0.582031 0.56901 0.583984 0.566406 0.583984 0.5625 0.583008 0.561198 0.583008 0.559896 0.582031 0.559896 0.580078 0.557292 0.580078 0.55599 0.579102 0.554688 0.578125 0.554688 0.574219 0.549479 0.573242 0.549479 0.570312 0.545573 0.569336 0.545573 0.567383 0.542969 0.566406 0.542969 0.56543 0.541667 0.564453 0.541667 0.563477 0.540365 0.5625 0.540365 0.561523 0.539062 0.558594 0.539062 0.557617 0.53776
0 0.575195 0.505208 0.574219 0.50651 0.574219 0.509115 0.572266 0.511719 0.572266 0.513021 0.571289 0.514323 0.571289 0.519531 0.570312 0.520833 0.570312 0.541667 0.572266 0.544271 0.572266 0.545573 0.574219 0.548177 0.575195 0.548177 0.578125 0.552083 0.579102 0.552083 0.582031 0.55599 0.582031 0.558594 0.583984 0.561198 0.583984 0.5625 0.585938 0.565104 0.585938 0.566406 0.587891 0.566406 0.588867 0.567708 0.586914 0.570312 0.583008 0.570312 0.582031 0.571615 0.575195 0.571615 0.610352 0.571615 0.610352 0.56901 0.611328 0.567708 0.611328 0.566406 0.612305 0.565104 0.612305 0.5625 0.613281 0.561198 0.613281 0.550781 0.612305 0.550781 0.598633 0.532552 0.597656 0.532552 0.592773 0.526042 0.591797 0.526042 0.59082 0.52474 0.589844 0.52474 0.587891 0.522135 0.586914 0.522135 0.583984 0.518229 0.583984 0.515625 0.583008 0.514323 0.583008 0.511719 0.582031 0.510417 0.582031 0.507812 0.580078 0.505208
