0 0.538086 0.533854 0.537109 0.535156 0.52832 0.535156 0.527344 0.536458 0.523438 0.536458 0.522461 0.53776 0.518555 0.53776 0.517578 0.539062 0.515625 0.539062 0.514648 0.540365 0.512695 0.540365 0.511719 0.541667 0.509766 0.541667 0.508789 0.542969 0.505859 0.542969 0.504883 0.544271 0.503906 0.544271 0.50293 0.545573 0.500977 0.545573 0.5 0.546875 0.49707 0.546875 0.495117 0.549479 0.495117 0.558594 0.49707 0.561198 0.498047 0.561198 0.5 0.563802 0.500977 0.563802 0.50293 0.566406 0.505859 0.566406 0.506836 0.567708 0.507812 0.567708 0.508789 0.56901 0.510742 0.56901 0.511719 0.570312 0.515625 0.570312 0.516602 0.571615 0.52832 0.571615 0.529297 0.572917 0.564453 0.572917 0.56543 0.571615 0.576172 0.571615 0.577148 0.570312 0.579102 0.570312 0.580078 0.56901 0.582031 0.56901 0.585938 0.563802 0.598633 0.563802 0.600586 0.566406 0.600586 0.567708 0.601562 0.567708 0.605469 0.572917 0.610352 0.572917 0.610352 0.571615 0.609375 0.570312 0.609375 0.56901 0.608398 0.567708 0.608398 0.566406 0.607422 0.565104 0.607422 0.5625 0.605469 0.559896 0.605469 0.558594 0.604492 0.557292 0.603516 0.557292 0.602539 0.55599 0.597656 0.55599 0.595703 0.553385 0.594727 0.553385 0.59375 0.552083 0.59375 0.549479 0.592773 0.548177 0.585938 0.548177 0.584961 0.546875 0.581055 0.546875 0.580078 0.545573 0.578125 0.545573 0.577148 0.544271 0.575195 0.544271 0.574219 0.542969 0.573242 0.542969 0.572266 0.541667 0.571289 0.541667 0.570312 0.540365 0.567383 0.540365 0.566406 0.539062 0.56543 0.539062 0.564453 0.53776 0.563477 0.53776 0.5625 0.536458 0.549805 0.536458 0.548828 0.535156 0.540039 0.535156 0.539062 0.533854
0 0.597656 0.520833 0.59668 0.522135 0.59668 0.536458 0.595703 0.53776 0.595703 0.539062 0.594727 0.540365 0.594727 0.542969 0.59375 0.544271 0.59375 0.554688 0.595703 0.554688 0.59668 0.55599 0.595703 0.557292 0.59375 0.557292 0.59375 0.565104 0.601562 0.565104 0.602539 0.563802 0.601562 0.5625 0.601562 0.558594 0.602539 0.557292 0.602539 0.55599 0.603516 0.554688 0.603516 0.553385 0.602539 0.552083 0.603516 0.550781 0.604492 0.550781 0.605469 0.552083 0.605469 0.55599 0.607422 0.558594 0.607422 0.559896 0.608398 0.561198 0.610352 0.561198 0.611328 0.5625 0.612305 0.5625 0.613281 0.563802 0.614258 0.563802 0.615234 0.565104 0.617188 0.565104 0.618164 0.566406 0.632812 0.566406 0.633789 0.567708 0.639648 0.567708 0.640625 0.56901 0.643555 0.56901 0.644531 0.570312 0.651367 0.570312 0.652344 0.571615 0.65332 0.571615 0.654297 0.572917 0.65332 0.574219 0.666016 0.574219 0.666992 0.572917 0.667969 0.572917 0.668945 0.571615 0.671875 0.571615 0.672852 0.570312 0.682617 0.570312 0.683594 0.56901 0.685547 0.56901 0.686523 0.567708 0.688477 0.567708 0.689453 0.566406 0.691406 0.566406 0.692383 0.565104 0.694336 0.565104 0.696289 0.5625 0.698242 0.5625 0.699219 0.561198 0.700195 0.561198 0.702148 0.558594 0.702148 0.554688 0.701172 0.554688 0.698242 0.550781 0.697266 0.550781 0.696289 0.549479 0.695312 0.549479 0.694336 0.548177 0.693359 0.548177 0.692383 0.546875 0.691406 0.546875 0.69043 0.545573 0.688477 0.545573 0.6875 0.544271 0.686523 0.544271 0.685547 0.542969 0.68457 0.542969 0.683594 0.541667 0.681641 0.541667 0.680664 0.540365 0.678711 0.540365 0.677734 0.539062 0.674805 0.539062 0.673828 0.53776 0.671875 0.53776 0.670898 0.536458 0.668945 0.536458 0.667969 0.535156 0.666016 0.535156 0.665039 0.533854 0.662109 0.533854 0.661133 0.532552 0.65918 0.532552 0.658203 0.53125 0.649414 0.53125 0.648438 0.532552 0.636719 0.532552 0.635742 0.53125 0.628906 0.53125 0.62793 0.529948 0.626953 0.529948 0.625977 0.528646 0.624023 0.528646 0.623047 0.529948 0.62207 0.529948 0.621094 0.53125 0.620117 0.53125 0.619141 0.532552 0.619141 0.533854 0.617188 0.536458 0.616211 0.536458 0.615234 0.53776 0.612305 0.53776 0.611328 0.539062 0.610352 0.539062 0.608398 0.536458 0.608398 0.535156 0.605469 0.53125 0.605469 0.529948 0.604492 0.528646 0.604492 0.527344 0.601562 0.523438 0.601562 0.522135 0.600586 0.520833
0 0.538086 0.533854 0.537109 0.535156 0.52832 0.535156 0.527344 0.536458 0.523438 0.536458 0.522461 0.53776 0.518555 0.53776 0.517578 0.539062 0.515625 0.539062 0.514648 0.540365 0.512695 0.540365 0.511719 0.541667 0.509766 0.541667 0.508789 0.542969 0.505859 0.542969 0.504883 0.544271 0.503906 0.544271 0.50293 0.545573 0.500977 0.545573 0.5 0.546875 0.49707 0.546875 0.495117 0.549479 0.495117 0.558594 0.49707 0.561198 0.498047 0.561198 0.5 0.563802 0.500977 0.563802 0.50293 0.566406 0.505859 0.566406 0.506836 0.567708 0.507812 0.567708 0.508789 0.56901 0.510742 0.56901 0.511719 0.570312 0.515625 0.570312 0.516602 0.571615 0.52832 0.571615 0.529297 0.572917 0.564453 0.572917 0.56543 0.571615 0.576172 0.571615 0.577148 0.570312 0.579102 0.570312 0.580078 0.56901 0.582031 0.56901 0.585938 0.563802 0.598633 0.563802 0.600586 0.566406 0.600586 0.567708 0.601562 0.567708 0.605469 0.572917 0.610352 0.572917 0.610352 0.571615 0.609375 0.570312 0.609375 0.56901 0.608398 0.567708 0.608398 0.566406 0.607422 0.565104 0.607422 0.5625 0.605469 0.559896 0.605469 0.558594 0.604492 0.557292 0.603516 0.557292 0.602539 0.55599 0.597656 0.55599 0.595703 0.553385 0.594727 0.553385 0.59375 0.552083 0.59375 0.549479 0.592773 0.548177 0.585938 0.548177 0.584961 0.546875 0.581055 0.546875 0.580078 0.545573 0.578125 0.545573 0.577148 0.544271 0.575195 0.544271 0.574219 0.542969 0.573242 0.542969 0.572266 0.541667 0.571289 0.541667 0.570312 0.540365 0.567383 0.540365 0.566406 0.539062 0.56543 0.539062 0.564453 0.53776 0.563477 0.53776 0.5625 0.536458 0.549805 0.536458 0.548828 0.535156 0.540039 0.535156 0.539062 0.533854
0 0.597656 0.520833 0.59668 0.522135 0.59668 0.536458 0.595703 0.53776 0.595703 0.539062 0.594727 0.540365 0.594727 0.542969 0.59375 0.544271 0.59375 0.554688 0.595703 0.554688 0.59668 0.55599 0.595703 0.557292 0.59375 0.557292 0.59375 0.565104 0.601562 0.565104 0.602539 0.563802 0.601562 0.5625 0.601562 0.558594 0.602539 0.557292 0.602539 0.55599 0.603516 0.554688 0.603516 0.553385 0.602539 0.552083 0.603516 0.550781 0.604492 0.550781 0.605469 0.552083 0.605469 0.55599 0.607422 0.558594 0.607422 0.559896 0.608398 0.561198 0.610352 0.561198 0.611328 0.5625 0.612305 0.5625 0.613281 0.563802 0.614258 0.563802 0.615234 0.565104 0.617188 0.565104 0.618164 0.566406 0.632812 0.566406 0.633789 0.567708 0.639648 0.567708 0.640625 0.56901 0.643555 0.56901 0.644531 0.570312 0.651367 0.570312 0.652344 0.571615 0.65332 0.571615 0.654297 0.572917 0.65332 0.574219 0.666016 0.574219 0.666992 0.572917 0.667969 0.572917 0.668945 0.571615 0.671875 0.571615 0.672852 0.570312 0.682617 0.570312 0.683594 0.56901 0.685547 0.56901 0.686523 0.567708 0.688477 0.567708 0.689453 0.566406 0.691406 0.566406 0.692383 0.565104 0.694336 0.565104 0.696289 0.5625 0.698242 0.5625 0.699219 0.561198 0.700195 0.561198 0.702148 0.558594 0.702148 0.554688 0.701172 0.554688 0.698242 0.550781 0.697266 0.550781 0.696289 0.549479 0.695312 0.549479 0.694336 0.548177 0.693359 0.548177 0.692383 0.546875 0.691406 0.546875 0.69043 0.545573 0.688477 0.545573 0.6875 0.544271 0.686523 0.544271 0.685547 0.542969 0.68457 0.542969 0.683594 0.541667 0.681641 0.541667 0.680664 0.540365 0.678711 0.540365 0.677734 0.539062 0.674805 0.539062 0.673828 0.53776 0.671875 0.53776 0.670898 0.536458 0.668945 0.536458 0.667969 0.535156 0.666016 0.535156 0.665039 0.533854 0.662109 0.533854 0.661133 0.532552 0.65918 0.532552 0.658203 0.53125 0.649414 0.53125 0.648438 0.532552 0.636719 0.532552 0.635742 0.53125 0.628906 0.53125 0.62793 0.529948 0.626953 0.529948 0.625977 0.528646 0.624023 0.528646 0.623047 0.529948 0.62207 0.529948 0.621094 0.53125 0.620117 0.53125 0.619141 0.532552 0.619141 0.533854 0.617188 0.536458 0.616211 0.536458 0.615234 0.53776 0.612305 0.53776 0.611328 0.539062 0.610352 0.539062 0.608398 0.536458 0.608398 0.535156 0.605469 0.53125 0.605469 0.529948 0.604492 0.528646 0.604492 0.527344 0.601562 0.523438 0.601562 0.522135 0.600586 0.520833
0 0.538086 0.533854 0.537109 0.535156 0.52832 0.535156 0.527344 0.536458 0.523438 0.536458 0.522461 0.53776 0.518555 0.53776 0.517578 0.539062 0.515625 0.539062 0.514648 0.540365 0.512695 0.540365 0.511719 0.541667 0.509766 0.541667 0.508789 0.542969 0.505859 0.542969 0.504883 0.544271 0.503906 0.544271 0.50293 0.545573 0.500977 0.545573 0.5 0.546875 0.49707 0.546875 0.495117 0.549479 0.495117 0.558594 0.49707 0.561198 0.498047 0.561198 0.5 0.563802 0.500977 0.563802 0.50293 0.566406 0.505859 0.566406 0.506836 0.567708 0.507812 0.567708 0.508789 0.56901 0.510742 0.56901 0.511719 0.570312 0.515625 0.570312 0.516602 0.571615 0.52832 0.571615 0.529297 0.572917 0.564453 0.572917 0.56543 0.571615 0.576172 0.571615 0.577148 0.570312 0.579102 0.570312 0.580078 0.56901 0.582031 0.56901 0.585938 0.563802 0.598633 0.563802 0.600586 0.566406 0.600586 0.567708 0.601562 0.567708 0.605469 0.572917 0.610352 0.572917 0.610352 0.571615 0.609375 0.570312 0.609375 0.56901 0.608398 0.567708 0.608398 0.566406 0.607422 0.565104 0.607422 0.5625 0.605469 0.559896 0.605469 0.558594 0.604492 0.557292 0.603516 0.557292 0.602539 0.55599 0.597656 0.55599 0.595703 0.553385 0.594727 0.553385 0.59375 0.552083 0.59375 0.549479 0.592773 0.548177 0.585938 0.548177 0.584961 0.546875 0.581055 0.546875 0.580078 0.545573 0.578125 0.545573 0.577148 0.544271 0.575195 0.544271 0.574219 0.542969 0.573242 0.542969 0.572266 0.541667 0.571289 0.541667 0.570312 0.540365 0.567383 0.540365 0.566406 0.539062 0.56543 0.539062 0.564453 0.53776 0.563477 0.53776 0.5625 0.536458 0.549805 0.536458 0.548828 0.535156 0.540039 0.535156 0.539062 0.533854
0 0.597656 0.520833 0.59668 0.522135 0.59668 0.536458 0.595703 0.53776 0.595703 0.539062 0.594727 0.540365 0.594727 0.542969 0.59375 0.544271 0.59375 0.554688 0.595703 0.554688 0.59668 0.55599 0.595703 0.557292 0.59375 0.557292 0.59375 0.565104 0.601562 0.565104 0.602539 0.563802 0.601562 0.5625 0.601562 0.558594 0.602539 0.557292 0.602539 0.55599 0.603516 0.554688 0.603516 0.553385 0.602539 0.552083 0.603516 0.550781 0.604492 0.550781 0.605469 0.552083 0.605469 0.55599 0.607422 0.558594 0.607422 0.559896 0.608398 0.561198 0.610352 0.561198 0.611328 0.5625 0.612305 0.5625 0.613281 0.563802 0.614258 0.563802 0.615234 0.565104 0.617188 0.565104 0.618164 0.566406 0.632812 0.566406 0.633789 0.567708 0.639648 0.567708 0.640625 0.56901 0.643555 0.56901 0.644531 0.570312 0.651367 0.570312 0.652344 0.571615 0.65332 0.571615 0.654297 0.572917 0.65332 0.574219 0.666016 0.574219 0.666992 0.572917 0.667969 0.572917 0.668945 0.571615 0.671875 0.571615 0.672852 0.570312 0.682617 0.570312 0.683594 0.56901 0.685547 0.56901 0.686523 0.567708 0.688477 0.567708 0.689453 0.566406 0.691406 0.566406 0.692383 0.565104 0.694336 0.565104 0.696289 0.5625 0.698242 0.5625 0.699219 0.561198 0.700195 0.561198 0.702148 0.558594 0.702148 0.554688 0.701172 0.554688 0.698242 0.550781 0.697266 0.550781 0.696289 0.549479 0.695312 0.549479 0.694336 0.548177 0.693359 0.548177 0.692383 0.546875 0.691406 0.546875 0.69043 0.545573 0.688477 0.545573 0.6875 0.544271 0.686523 0.544271 0.685547 0.542969 0.68457 0.542969 0.683594 0.541667 0.681641 0.541667 0.680664 0.540365 0.678711 0.540365 0.677734 0.539062 0.674805 0.539062 0.673828 0.53776 0.671875 0.53776 0.670898 0.536458 0.668945 0.536458 0.667969 0.535156 0.666016 0.535156 0.665039 0.533854 0.662109 0.533854 0.661133 0.532552 0.65918 0.532552 0.658203 0.53125 0.649414 0.53125 0.648438 0.532552 0.636719 0.532552 0.635742 0.53125 0.628906 0.53125 0.62793 0.529948 0.626953 0.529948 0.625977 0.528646 0.624023 0.528646 0.623047 0.529948 0.62207 0.529948 0.621094 0.53125 0.620117 0.53125 0.619141 0.532552 0.619141 0.533854 0.617188 0.536458 0.616211 0.536458 0.615234 0.53776 0.612305 0.53776 0.611328 0.539062 0.610352 0.539062 0.608398 0.536458 0.608398 0.535156 0.605469 0.53125 0.605469 0.529948 0.604492 0.528646 0.604492 0.527344 0.601562 0.523438 0.601562 0.522135 0.600586 0.520833
0 0.538086 0.533854 0.537109 0.535156 0.52832 0.535156 0.527344 0.536458 0.523438 0.536458 0.522461 0.53776 0.518555 0.53776 0.517578 0.539062 0.515625 0.539062 0.514648 0.540365 0.512695 0.540365 0.511719 0.541667 0.509766 0.541667 0.508789 0.542969 0.505859 0.542969 0.504883 0.544271 0.503906 0.544271 0.50293 0.545573 0.500977 0.545573 0.5 0.546875 0.49707 0.546875 0.495117 0.549479 0.495117 0.558594 0.49707 0.561198 0.498047 0.561198 0.5 0.563802 0.500977 0.563802 0.50293 0.566406 0.505859 0.566406 0.506836 0.567708 0.507812 0.567708 0.508789 0.56901 0.510742 0.56901 0.511719 0.570312 0.515625 0.570312 0.516602 0.571615 0.52832 0.571615 0.529297 0.572917 0.564453 0.572917 0.56543 0.571615 0.576172 0.571615 0.577148 0.570312 0.579102 0.570312 0.580078 0.56901 0.582031 0.56901 0.585938 0.563802 0.598633 0.563802 0.600586 0.566406 0.600586 0.567708 0.601562 0.567708 0.605469 0.572917 0.610352 0.572917 0.610352 0.571615 0.609375 0.570312 0.609375 0.56901 0.608398 0.567708 0.608398 0.566406 0.607422 0.565104 0.607422 0.5625 0.605469 0.559896 0.605469 0.558594 0.604492 0.557292 0.603516 0.557292 0.602539 0.55599 0.597656 0.55599 0.595703 0.553385 0.594727 0.553385 0.59375 0.552083 0.59375 0.549479 0.592773 0.548177 0.585938 0.548177 0.584961 0.546875 0.581055 0.546875 0.580078 0.545573 0.578125 0.545573 0.577148 0.544271 0.575195 0.544271 0.574219 0.542969 0.573242 0.542969 0.572266 0.541667 0.571289 0.541667 0.570312 0.540365 0.567383 0.540365 0.566406 0.539062 0.56543 0.539062 0.564453 0.53776 0.563477 0.53776 0.5625 0.536458 0.549805 0.536458 0.548828 0.535156 0.540039 0.535156 0.539062 0.533854
0 0.597656 0.520833 0.59668 0.522135 0.59668 0.536458 0.595703 0.53776 0.595703 0.539062 0.594727 0.540365 0.594727 0.542969 0.59375 0.544271 0.59375 0.554688 0.595703 0.554688 0.59668 0.55599 0.595703 0.557292 0.59375 0.557292 0.59375 0.565104 0.601562 0.565104 0.602539 0.563802 0.601562 0.5625 0.601562 0.558594 0.602539 0.557292 0.602539 0.55599 0.603516 0.554688 0.603516 0.553385 0.602539 0.552083 0.603516 0.550781 0.604492 0.550781 0.605469 0.552083 0.605469 0.55599 0.607422 0.558594 0.607422 0.559896 0.608398 0.561198 0.610352 0.561198 0.611328 0.5625 0.612305 0.5625 0.613281 0.563802 0.614258 0.563802 0.615234 0.565104 0.617188 0.565104 0.618164 0.566406 0.632812 0.566406 0.633789 0.567708 0.639648 0.567708 0.640625 0.56901 0.643555 0.56901 0.644531 0.570312 0.651367 0.570312 0.652344 0.571615 0.65332 0.571615 0.654297 0.572917 0.65332 0.574219 0.666016 0.574219 0.666992 0.572917 0.667969 0.572917 0.668945 0.571615 0.671875 0.571615 0.672852 0.570312 0.682617 0.570312 0.683594 0.56901 0.685547 0.56901 0.686523 0.567708 0.688477 0.567708 0.689453 0.566406 0.691406 0.566406 0.692383 0.565104 0.694336 0.565104 0.696289 0.5625 0.698242 0.5625 0.699219 0.561198 0.700195 0.561198 0.702148 0.558594 0.702148 0.554688 0.701172 0.554688 0.698242 0.550781 0.697266 0.550781 0.696289 0.549479 0.695312 0.549479 0.694336 0.548177 0.693359 0.548177 0.692383 0.546875 0.691406 0.546875 0.69043 0.545573 0.688477 0.545573 0.6875 0.544271 0.686523 0.544271 0.685547 0.542969 0.68457 0.542969 0.683594 0.541667 0.681641 0.541667 0.680664 0.540365 0.678711 0.540365 0.677734 0.539062 0.674805 0.539062 0.673828 0.53776 0.671875 0.53776 0.670898 0.536458 0.668945 0.536458 0.667969 0.535156 0.666016 0.535156 0.665039 0.533854 0.662109 0.533854 0.661133 0.532552 0.65918 0.532552 0.658203 0.53125 0.649414 0.53125 0.648438 0.532552 0.636719 0.532552 0.635742 0.53125 0.628906 0.53125 0.62793 0.529948 0.626953 0.529948 0.625977 0.528646 0.624023 0.528646 0.623047 0.529948 0.62207 0.529948 0.621094 0.53125 0.620117 0.53125 0.619141 0.532552 0.619141 0.533854 0.617188 0.536458 0.616211 0.536458 0.615234 0.53776 0.612305 0.53776 0.611328 0.539062 0.610352 0.539062 0.608398 0.536458 0.608398 0.535156 0.605469 0.53125 0.605469 0.529948 0.604492 0.528646 0.604492 0.527344 0.601562 0.523438 0.601562 0.522135 0.600586 0.520833
0 0.538086 0.533854 0.537109 0.535156 0.52832 0.535156 0.527344 0.536458 0.523438 0.536458 0.522461 0.53776 0.518555 0.53776 0.517578 0.539062 0.515625 0.539062 0.514648 0.540365 0.512695 0.540365 0.511719 0.541667 0.509766 0.541667 0.508789 0.542969 0.505859 0.542969 0.504883 0.544271 0.503906 0.544271 0.50293 0.545573 0.500977 0.545573 0.5 0.546875 0.49707 0.546875 0.495117 0.549479 0.495117 0.558594 0.49707 0.561198 0.498047 0.561198 0.5 0.563802 0.500977 0.563802 0.50293 0.566406 0.505859 0.566406 0.506836 0.567708 0.507812 0.567708 0.508789 0.56901 0.510742 0.56901 0.511719 0.570312 0.515625 0.570312 0.516602 0.571615 0.52832 0.571615 0.529297 0.572917 0.564453 0.572917 0.56543 0.571615 0.576172 0.571615 0.577148 0.570312 0.579102 0.570312 0.580078 0.56901 0.582031 0.56901 0.585938 0.563802 0.598633 0.563802 0.600586 0.566406 0.600586 0.567708 0.601562 0.567708 0.605469 0.572917 0.610352 0.572917 0.610352 0.571615 0.609375 0.570312 0.609375 0.56901 0.608398 0.567708 0.608398 0.566406 0.607422 0.565104 0.607422 0.5625 0.605469 0.559896 0.605469 0.558594 0.604492 0.557292 0.603516 0.557292 0.602539 0.55599 0.597656 0.55599 0.595703 0.553385 0.594727 0.553385 0.59375 0.552083 0.59375 0.549479 0.592773 0.548177 0.585938 0.548177 0.584961 0.546875 0.581055 0.546875 0.580078 0.545573 0.578125 0.545573 0.577148 0.544271 0.575195 0.544271 0.574219 0.542969 0.573242 0.542969 0.572266 0.541667 0.571289 0.541667 0.570312 0.540365 0.567383 0.540365 0.566406 0.539062 0.56543 0.539062 0.564453 0.53776 0.563477 0.53776 0.5625 0.536458 0.549805 0.536458 0.548828 0.535156 0.540039 0.535156 0.539062 0.533854
0 0.597656 0.520833 0.59668 0.522135 0.59668 0.536458 0.595703 0.53776 0.595703 0.539062 0.594727 0.540365 0.594727 0.542969 0.59375 0.544271 0.59375 0.554688 0.595703 0.554688 0.59668 0.55599 0.595703 0.557292 0.59375 0.557292 0.59375 0.565104 0.601562 0.565104 0.602539 0.563802 0.601562 0.5625 0.601562 0.558594 0.602539 0.557292 0.602539 0.55599 0.603516 0.554688 0.603516 0.553385 0.602539 0.552083 0.603516 0.550781 0.604492 0.550781 0.605469 0.552083 0.605469 0.55599 0.607422 0.558594 0.607422 0.559896 0.608398 0.561198 0.610352 0.561198 0.611328 0.5625 0.612305 0.5625 0.613281 0.563802 0.614258 0.563802 0.615234 0.565104 0.617188 0.565104 0.618164 0.566406 0.632812 0.566406 0.633789 0.567708 0.639648 0.567708 0.640625 0.56901 0.643555 0.56901 0.644531 0.570312 0.651367 0.570312 0.652344 0.571615 0.65332 0.571615 0.654297 0.572917 0.65332 0.574219 0.666016 0.574219 0.666992 0.572917 0.667969 0.572917 0.668945 0.571615 0.671875 0.571615 0.672852 0.570312 0.682617 0.570312 0.683594 0.56901 0.685547 0.56901 0.686523 0.567708 0.688477 0.567708 0.689453 0.566406 0.691406 0.566406 0.692383 0.565104 0.694336 0.565104 0.696289 0.5625 0.698242 0.5625 0.699219 0.561198 0.700195 0.561198 0.702148 0.558594 0.702148 0.554688 0.701172 0.554688 0.698242 0.550781 0.697266 0.550781 0.696289 0.549479 0.695312 0.549479 0.694336 0.548177 0.693359 0.548177 0.692383 0.546875 0.691406 0.546875 0.69043 0.545573 0.688477 0.545573 0.6875 0.544271 0.686523 0.544271 0.685547 0.542969 0.68457 0.542969 0.683594 0.541667 0.681641 0.541667 0.680664 0.540365 0.678711 0.540365 0.677734 0.539062 0.674805 0.539062 0.673828 0.53776 0.671875 0.53776 0.670898 0.536458 0.668945 0.536458 0.667969 0.535156 0.666016 0.535156 0.665039 0.533854 0.662109 0.533854 0.661133 0.532552 0.65918 0.532552 0.658203 0.53125 0.649414 0.53125 0.648438 0.532552 0.636719 0.532552 0.635742 0.53125 0.628906 0.53125 0.62793 0.529948 0.626953 0.529948 0.625977 0.528646 0.624023 0.528646 0.623047 0.529948 0.62207 0.529948 0.621094 0.53125 0.620117 0.53125 0.619141 0.532552 0.619141 0.533854 0.617188 0.536458 0.616211 0.536458 0.615234 0.53776 0.612305 0.53776 0.611328 0.539062 0.610352 0.539062 0.608398 0.536458 0.608398 0.535156 0.605469 0.53125 0.605469 0.529948 0.604492 0.528646 0.604492 0.527344 0.601562 0.523438 0.601562 0.522135 0.600586 0.520833
0 0.538086 0.533854 0.537109 0.535156 0.52832 0.535156 0.527344 0.536458 0.523438 0.536458 0.522461 0.53776 0.518555 0.53776 0.517578 0.539062 0.515625 0.539062 0.514648 0.540365 0.512695 0.540365 0.511719 0.541667 0.509766 0.541667 0.508789 0.542969 0.505859 0.542969 0.504883 0.544271 0.503906 0.544271 0.50293 0.545573 0.500977 0.545573 0.5 0.546875 0.49707 0.546875 0.495117 0.549479 0.495117 0.558594 0.49707 0.561198 0.498047 0.561198 0.5 0.563802 0.500977 0.563802 0.50293 0.566406 0.505859 0.566406 0.506836 0.567708 0.507812 0.567708 0.508789 0.56901 0.510742 0.56901 0.511719 0.570312 0.515625 0.570312 0.516602 0.571615 0.52832 0.571615 0.529297 0.572917 0.564453 0.572917 0.56543 0.571615 0.576172 0.571615 0.577148 0.570312 0.579102 0.570312 0.580078 0.56901 0.582031 0.56901 0.585938 0.563802 0.598633 0.563802 0.600586 0.566406 0.600586 0.567708 0.601562 0.567708 0.605469 0.572917 0.610352 0.572917 0.610352 0.571615 0.609375 0.570312 0.609375 0.56901 0.608398 0.567708 0.608398 0.566406 0.607422 0.565104 0.607422 0.5625 0.605469 0.559896 0.605469 0.558594 0.604492 0.557292 0.603516 0.557292 0.602539 0.55599 0.597656 0.55599 0.595703 0.553385 0.594727 0.553385 0.59375 0.552083 0.59375 0.549479 0.592773 0.548177 0.585938 0.548177 0.584961 0.546875 0.581055 0.546875 0.580078 0.545573 0.578125 0.545573 0.577148 0.544271 0.575195 0.544271 0.574219 0.542969 0.573242 0.542969 0.572266 0.541667 0.571289 0.541667 0.570312 0.540365 0.567383 0.540365 0.566406 0.539062 0.56543 0.539062 0.564453 0.53776 0.563477 0.53776 0.5625 0.536458 0.549805 0.536458 0.548828 0.535156 0.540039 0.535156 0.539062 0.533854
0 0.597656 0.520833 0.59668 0.522135 0.59668 0.536458 0.595703 0.53776 0.595703 0.539062 0.594727 0.540365 0.594727 0.542969 0.59375 0.544271 0.59375 0.554688 0.595703 0.554688 0.59668 0.55599 0.595703 0.557292 0.59375 0.557292 0.59375 0.565104 0.601562 0.565104 0.602539 0.563802 0.601562 0.5625 0.601562 0.558594 0.602539 0.557292 0.602539 0.55599 0.603516 0.554688 0.603516 0.553385 0.602539 0.552083 0.603516 0.550781 0.604492 0.550781 0.605469 0.552083 0.605469 0.55599 0.607422 0.558594 0.607422 0.559896 0.608398 0.561198 0.610352 0.561198 0.611328 0.5625 0.612305 0.5625 0.613281 0.563802 0.614258 0.563802 0.615234 0.565104 0.617188 0.565104 0.618164 0.566406 0.632812 0.566406 0.633789 0.567708 0.639648 0.567708 0.640625 0.56901 0.643555 0.56901 0.644531 0.570312 0.651367 0.570312 0.652344 0.571615 0.65332 0.571615 0.654297 0.572917 0.65332 0.574219 0.666016 0.574219 0.666992 0.572917 0.667969 0.572917 0.668945 0.571615 0.671875 0.571615 0.672852 0.570312 0.682617 0.570312 0.683594 0.56901 0.685547 0.56901 0.686523 0.567708 0.688477 0.567708 0.689453 0.566406 0.691406 0.566406 0.692383 0.565104 0.694336 0.565104 0.696289 0.5625 0.698242 0.5625 0.699219 0.561198 0.700195 0.561198 0.702148 0.558594 0.702148 0.554688 0.701172 0.554688 0.698242 0.550781 0.697266 0.550781 0.696289 0.549479 0.695312 0.549479 0.694336 0.548177 0.693359 0.548177 0.692383 0.546875 0.691406 0.546875 0.69043 0.545573 0.688477 0.545573 0.6875 0.544271 0.686523 0.544271 0.685547 0.542969 0.68457 0.542969 0.683594 0.541667 0.681641 0.541667 0.680664 0.540365 0.678711 0.540365 0.677734 0.539062 0.674805 0.539062 0.673828 0.53776 0.671875 0.53776 0.670898 0.536458 0.668945 0.536458 0.667969 0.535156 0.666016 0.535156 0.665039 0.533854 0.662109 0.533854 0.661133 0.532552 0.65918 0.532552 0.658203 0.53125 0.649414 0.53125 0.648438 0.532552 0.636719 0.532552 0.635742 0.53125 0.628906 0.53125 0.62793 0.529948 0.626953 0.529948 0.625977 0.528646 0.624023 0.528646 0.623047 0.529948 0.62207 0.529948 0.621094 0.53125 0.620117 0.53125 0.619141 0.532552 0.619141 0.533854 0.617188 0.536458 0.616211 0.536458 0.615234 0.53776 0.612305 0.53776 0.611328 0.539062 0.610352 0.539062 0.608398 0.536458 0.608398 0.535156 0.605469 0.53125 0.605469 0.529948 0.604492 0.528646 0.604492 0.527344 0.601562 0.523438 0.601562 0.522135 0.600586 0.520833
0 0.538086 0.533854 0.537109 0.535156 0.52832 0.535156 0.527344 0.536458 0.523438 0.536458 0.522461 0.53776 0.518555 0.53776 0.517578 0.539062 0.515625 0.539062 0.514648 0.540365 0.512695 0.540365 0.511719 0.541667 0.509766 0.541667 0.508789 0.542969 0.505859 0.542969 0.504883 0.544271 0.503906 0.544271 0.50293 0.545573 0.500977 0.545573 0.5 0.546875 0.49707 0.546875 0.495117 0.549479 0.495117 0.558594 0.49707 0.561198 0.498047 0.561198 0.5 0.563802 0.500977 0.563802 0.50293 0.566406 0.505859 0.566406 0.506836 0.567708 0.507812 0.567708 0.508789 0.56901 0.510742 0.56901 0.511719 0.570312 0.515625 0.570312 0.516602 0.571615 0.52832 0.571615 0.529297 0.572917 0.564453 0.572917 0.56543 0.571615 0.576172 0.571615 0.577148 0.570312 0.579102 0.570312 0.580078 0.56901 0.582031 0.56901 0.585938 0.563802 0.598633 0.563802 0.600586 0.566406 0.600586 0.567708 0.601562 0.567708 0.605469 0.572917 0.610352 0.572917 0.610352 0.571615 0.609375 0.570312 0.609375 0.56901 0.608398 0.567708 0.608398 0.566406 0.607422 0.565104 0.607422 0.5625 0.605469 0.559896 0.605469 0.558594 0.604492 0.557292 0.603516 0.557292 0.602539 0.55599 0.597656 0.55599 0.595703 0.553385 0.594727 0.553385 0.59375 0.552083 0.59375 0.549479 0.592773 0.548177 0.585938 0.548177 0.584961 0.546875 0.581055 0.546875 0.580078 0.545573 0.578125 0.545573 0.577148 0.544271 0.575195 0.544271 0.574219 0.542969 0.573242 0.542969 0.572266 0.541667 0.571289 0.541667 0.570312 0.540365 0.567383 0.540365 0.566406 0.539062 0.56543 0.539062 0.564453 0.53776 0.563477 0.53776 0.5625 0.536458 0.549805 0.536458 0.548828 0.535156 0.540039 0.535156 0.539062 0.533854
0 0.597656 0.520833 0.59668 0.522135 0.59668 0.536458 0.595703 0.53776 0.595703 0.539062 0.594727 0.540365 0.594727 0.542969 0.59375 0.544271 0.59375 0.554688 0.595703 0.554688 0.59668 0.55599 0.595703 0.557292 0.59375 0.557292 0.59375 0.565104 0.601562 0.565104 0.602539 0.563802 0.601562 0.5625 0.601562 0.558594 0.602539 0.557292 0.602539 0.55599 0.603516 0.554688 0.603516 0.553385 0.602539 0.552083 0.603516 0.550781 0.604492 0.550781 0.605469 0.552083 0.605469 0.55599 0.607422 0.558594 0.607422 0.559896 0.608398 0.561198 0.610352 0.561198 0.611328 0.5625 0.612305 0.5625 0.613281 0.563802 0.614258 0.563802 0.615234 0.565104 0.617188 0.565104 0.618164 0.566406 0.632812 0.566406 0.633789 0.567708 0.639648 0.567708 0.640625 0.56901 0.643555 0.56901 0.644531 0.570312 0.651367 0.570312 0.652344 0.571615 0.65332 0.571615 0.654297 0.572917 0.65332 0.574219 0.666016 0.574219 0.666992 0.572917 0.667969 0.572917 0.668945 0.571615 0.671875 0.571615 0.672852 0.570312 0.682617 0.570312 0.683594 0.56901 0.685547 0.56901 0.686523 0.567708 0.688477 0.567708 0.689453 0.566406 0.691406 0.566406 0.692383 0.565104 0.694336 0.565104 0.696289 0.5625 0.698242 0.5625 0.699219 0.561198 0.700195 0.561198 0.702148 0.558594 0.702148 0.554688 0.701172 0.554688 0.698242 0.550781 0.697266 0.550781 0.696289 0.549479 0.695312 0.549479 0.694336 0.548177 0.693359 0.548177 0.692383 0.546875 0.691406 0.546875 0.69043 0.545573 0.688477 0.545573 0.6875 0.544271 0.686523 0.544271 0.685547 0.542969 0.68457 0.542969 0.683594 0.541667 0.681641 0.541667 0.680664 0.540365 0.678711 0.540365 0.677734 0.539062 0.674805 0.539062 0.673828 0.53776 0.671875 0.53776 0.670898 0.536458 0.668945 0.536458 0.667969 0.535156 0.666016 0.535156 0.665039 0.533854 0.662109 0.533854 0.661133 0.532552 0.65918 0.532552 0.658203 0.53125 0.649414 0.53125 0.648438 0.532552 0.636719 0.532552 0.635742 0.53125 0.628906 0.53125 0.62793 0.529948 0.626953 0.529948 0.625977 0.528646 0.624023 0.528646 0.623047 0.529948 0.62207 0.529948 0.621094 0.53125 0.620117 0.53125 0.619141 0.532552 0.619141 0.533854 0.617188 0.536458 0.616211 0.536458 0.615234 0.53776 0.612305 0.53776 0.611328 0.539062 0.610352 0.539062 0.608398 0.536458 0.608398 0.535156 0.605469 0.53125 0.605469 0.529948 0.604492 0.528646 0.604492 0.527344 0.601562 0.523438 0.601562 0.522135 0.600586 0.520833
