0 0.741211 0.53125 0.740234 0.532552 0.740234 0.533854 0.736328 0.539062 0.734375 0.539062 0.733398 0.540365 0.731445 0.540365 0.730469 0.541667 0.729492 0.541667 0.728516 0.542969 0.725586 0.542969 0.724609 0.544271 0.722656 0.544271 0.72168 0.542969 0.717773 0.542969 0.716797 0.541667 0.714844 0.541667 0.713867 0.540365 0.711914 0.540365 0.710938 0.539062 0.709961 0.539062 0.708984 0.53776 0.708008 0.53776 0.707031 0.536458 0.705078 0.536458 0.704102 0.535156 0.702148 0.535156 0.701172 0.533854 0.701172 0.536458 0.702148 0.53776 0.702148 0.540365 0.701172 0.541667 0.701172 0.548177 0.700195 0.549479 0.700195 0.553385 0.699219 0.554688 0.699219 0.5625 0.698242 0.563802 0.698242 0.567708 0.697266 0.56901 0.697266 0.570312 0.696289 0.571615 0.696289 0.575521 0.695312 0.576823 0.695312 0.582031 0.696289 0.580729 0.697266 0.580729 0.698242 0.579427 0.698242 0.578125 0.704102 0.570312 0.705078 0.570312 0.707031 0.567708 0.708984 0.567708 0.709961 0.566406 0.714844 0.566406 0.71582 0.567708 0.717773 0.567708 0.71875 0.56901 0.719727 0.56901 0.72168 0.571615 0.722656 0.571615 0.723633 0.572917 0.723633 0.574219 0.725586 0.576823 0.725586 0.58724 0.726562 0.588542 0.728516 0.588542 0.729492 0.58724 0.730469 0.58724 0.731445 0.585938 0.735352 0.585938 0.736328 0.584635 0.737305 0.584635 0.738281 0.583333 0.750977 0.583333 0.751953 0.584635 0.753906 0.584635 0.754883 0.585938 0.756836 0.585938 0.757812 0.58724 0.759766 0.58724 0.760742 0.588542 0.763672 0.588542 0.765625 0.591146 0.767578 0.591146 0.768555 0.592448 0.787109 0.592448 0.788086 0.591146 0.789062 0.591146 0.790039 0.592448 0.802734 0.592448 0.803711 0.591146 0.80957 0.591146 0.810547 0.589844 0.814453 0.589844 0.81543 0.588542 0.817383 0.588542 0.818359 0.58724 0.822266 0.58724 0.823242 0.585938 0.826172 0.585938 0.827148 0.584635 0.829102 0.584635 0.830078 0.583333 0.832031 0.583333 0.833008 0.582031 0.833984 0.582031 0.834961 0.580729 0.835938 0.580729 0.836914 0.579427 0.837891 0.579427 0.838867 0.578125 0.839844 0.578125 0.84082 0.576823 0.841797 0.576823 0.84375 0.574219 0.844727 0.574219 0.84668 0.571615 0.84668 0.5625 0.845703 0.5625 0.84375 0.559896 0.842773 0.559896 0.841797 0.558594 0.84082 0.558594 0.839844 0.557292 0.836914 0.557292 0.835938 0.55599 0.834961 0.55599 0.833984 0.554688 0.832031 0.554688 0.831055 0.553385 0.828125 0.553385 0.827148 0.552083 0.825195 0.552083 0.824219 0.550781 0.823242 0.550781 0.822266 0.549479 0.820312 0.549479 0.819336 0.548177 0.817383 0.548177 0.816406 0.546875 0.814453 0.546875 0.813477 0.545573 0.810547 0.545573 0.80957 0.544271 0.807617 0.544271 0.806641 0.542969 0.804688 0.542969 0.803711 0.541667 0.800781 0.541667 0.799805 0.540365 0.795898 0.540365 0.794922 0.539062 0.78125 0.539062 0.780273 0.53776 0.764648 0.53776 0.763672 0.536458 0.758789 0.536458 0.757812 0.535156 0.755859 0.535156 0.753906 0.532552 0.753906 0.53125
0 0.996094 0.529948 0.995117 0.53125 0.994141 0.53125 0.993164 0.532552 0.991211 0.532552 0.990234 0.533854 0.986328 0.533854 0.985352 0.535156 0.947266 0.535156 0.946289 0.536458 0.943359 0.536458 0.942383 0.53776 0.936523 0.53776 0.935547 0.539062 0.932617 0.539062 0.931641 0.540365 0.928711 0.540365 0.927734 0.541667 0.924805 0.541667 0.923828 0.542969 0.920898 0.542969 0.919922 0.544271 0.917969 0.544271 0.916992 0.545573 0.915039 0.545573 0.914062 0.546875 0.911133 0.546875 0.910156 0.548177 0.90918 0.548177 0.908203 0.549479 0.90625 0.549479 0.905273 0.550781 0.904297 0.550781 0.90332 0.552083 0.902344 0.552083 0.901367 0.553385 0.899414 0.553385 0.898438 0.554688 0.897461 0.554688 0.896484 0.55599 0.894531 0.55599 0.893555 0.557292 0.892578 0.557292 0.891602 0.558594 0.890625 0.558594 0.889648 0.559896 0.888672 0.559896 0.887695 0.561198 0.886719 0.561198 0.885742 0.5625 0.884766 0.5625 0.883789 0.563802 0.882812 0.563802 0.880859 0.566406 0.879883 0.566406 0.875 0.572917 0.875 0.579427 0.880859 0.579427 0.881836 0.580729 0.883789 0.580729 0.884766 0.582031 0.886719 0.582031 0.887695 0.583333 0.890625 0.583333 0.891602 0.584635 0.893555 0.584635 0.894531 0.585938 0.896484 0.585938 0.897461 0.58724 0.901367 0.58724 0.902344 0.588542 0.907227 0.588542 0.90918 0.591146 0.912109 0.591146 0.913086 0.592448 0.915039 0.592448 0.916016 0.59375 0.920898 0.59375 0.921875 0.595052 0.930664 0.595052 0.931641 0.596354 0.93457 0.596354 0.935547 0.597656 0.9375 0.597656 0.939453 0.60026 0.939453 0.601562 0.94043 0.601562 0.941406 0.602865 0.943359 0.602865 0.944336 0.604167 0.945312 0.604167 0.946289 0.605469 0.947266 0.605469 0.948242 0.606771 0.950195 0.606771 0.951172 0.608073 0.953125 0.608073 0.954102 0.609375 0.964844 0.609375 0.96582 0.610677 0.995117 0.610677 0.996094 0.609375 0.999023 0.609375 0.999023 0.529948
0 0.741211 0.53125 0.740234 0.532552 0.740234 0.533854 0.736328 0.539062 0.734375 0.539062 0.733398 0.540365 0.731445 0.540365 0.730469 0.541667 0.729492 0.541667 0.728516 0.542969 0.725586 0.542969 0.724609 0.544271 0.722656 0.544271 0.72168 0.542969 0.717773 0.542969 0.716797 0.541667 0.714844 0.541667 0.713867 0.540365 0.711914 0.540365 0.710938 0.539062 0.709961 0.539062 0.708984 0.53776 0.708008 0.53776 0.707031 0.536458 0.705078 0.536458 0.704102 0.535156 0.702148 0.535156 0.701172 0.533854 0.701172 0.536458 0.702148 0.53776 0.702148 0.540365 0.701172 0.541667 0.701172 0.548177 0.700195 0.549479 0.700195 0.553385 0.699219 0.554688 0.699219 0.5625 0.698242 0.563802 0.698242 0.567708 0.697266 0.56901 0.697266 0.570312 0.696289 0.571615 0.696289 0.575521 0.695312 0.576823 0.695312 0.582031 0.696289 0.580729 0.697266 0.580729 0.698242 0.579427 0.698242 0.578125 0.704102 0.570312 0.705078 0.570312 0.707031 0.567708 0.708984 0.567708 0.709961 0.566406 0.714844 0.566406 0.71582 0.567708 0.717773 0.567708 0.71875 0.56901 0.719727 0.56901 0.72168 0.571615 0.722656 0.571615 0.723633 0.572917 0.723633 0.574219 0.725586 0.576823 0.725586 0.58724 0.726562 0.588542 0.728516 0.588542 0.729492 0.58724 0.730469 0.58724 0.731445 0.585938 0.735352 0.585938 0.736328 0.584635 0.737305 0.584635 0.738281 0.583333 0.750977 0.583333 0.751953 0.584635 0.753906 0.584635 0.754883 0.585938 0.756836 0.585938 0.757812 0.58724 0.759766 0.58724 0.760742 0.588542 0.763672 0.588542 0.765625 0.591146 0.767578 0.591146 0.768555 0.592448 0.787109 0.592448 0.788086 0.591146 0.789062 0.591146 0.790039 0.592448 0.802734 0.592448 0.803711 0.591146 0.80957 0.591146 0.810547 0.589844 0.814453 0.589844 0.81543 0.588542 0.817383 0.588542 0.818359 0.58724 0.822266 0.58724 0.823242 0.585938 0.826172 0.585938 0.827148 0.584635 0.829102 0.584635 0.830078 0.583333 0.832031 0.583333 0.833008 0.582031 0.833984 0.582031 0.834961 0.580729 0.835938 0.580729 0.836914 0.579427 0.837891 0.579427 0.838867 0.578125 0.839844 0.578125 0.84082 0.576823 0.841797 0.576823 0.84375 0.574219 0.844727 0.574219 0.84668 0.571615 0.84668 0.5625 0.845703 0.5625 0.84375 0.559896 0.842773 0.559896 0.841797 0.558594 0.84082 0.558594 0.839844 0.557292 0.836914 0.557292 0.835938 0.55599 0.834961 0.55599 0.833984 0.554688 0.832031 0.554688 0.831055 0.553385 0.828125 0.553385 0.827148 0.552083 0.825195 0.552083 0.824219 0.550781 0.823242 0.550781 0.822266 0.549479 0.820312 0.549479 0.819336 0.548177 0.817383 0.548177 0.816406 0.546875 0.814453 0.546875 0.813477 0.545573 0.810547 0.545573 0.80957 0.544271 0.807617 0.544271 0.806641 0.542969 0.804688 0.542969 0.803711 0.541667 0.800781 0.541667 0.799805 0.540365 0.795898 0.540365 0.794922 0.539062 0.78125 0.539062 0.780273 0.53776 0.764648 0.53776 0.763672 0.536458 0.758789 0.536458 0.757812 0.535156 0.755859 0.535156 0.753906 0.532552 0.753906 0.53125
0 0.996094 0.529948 0.995117 0.53125 0.994141 0.53125 0.993164 0.532552 0.991211 0.532552 0.990234 0.533854 0.986328 0.533854 0.985352 0.535156 0.947266 0.535156 0.946289 0.536458 0.943359 0.536458 0.942383 0.53776 0.936523 0.53776 0.935547 0.539062 0.932617 0.539062 0.931641 0.540365 0.928711 0.540365 0.927734 0.541667 0.924805 0.541667 0.923828 0.542969 0.920898 0.542969 0.919922 0.544271 0.917969 0.544271 0.916992 0.545573 0.915039 0.545573 0.914062 0.546875 0.911133 0.546875 0.910156 0.548177 0.90918 0.548177 0.908203 0.549479 0.90625 0.549479 0.905273 0.550781 0.904297 0.550781 0.90332 0.552083 0.902344 0.552083 0.901367 0.553385 0.899414 0.553385 0.898438 0.554688 0.897461 0.554688 0.896484 0.55599 0.894531 0.55599 0.893555 0.557292 0.892578 0.557292 0.891602 0.558594 0.890625 0.558594 0.889648 0.559896 0.888672 0.559896 0.887695 0.561198 0.886719 0.561198 0.885742 0.5625 0.884766 0.5625 0.883789 0.563802 0.882812 0.563802 0.880859 0.566406 0.879883 0.566406 0.875 0.572917 0.875 0.579427 0.880859 0.579427 0.881836 0.580729 0.883789 0.580729 0.884766 0.582031 0.886719 0.582031 0.887695 0.583333 0.890625 0.583333 0.891602 0.584635 0.893555 0.584635 0.894531 0.585938 0.896484 0.585938 0.897461 0.58724 0.901367 0.58724 0.902344 0.588542 0.907227 0.588542 0.90918 0.591146 0.912109 0.591146 0.913086 0.592448 0.915039 0.592448 0.916016 0.59375 0.920898 0.59375 0.921875 0.595052 0.930664 0.595052 0.931641 0.596354 0.93457 0.596354 0.935547 0.597656 0.9375 0.597656 0.939453 0.60026 0.939453 0.601562 0.94043 0.601562 0.941406 0.602865 0.943359 0.602865 0.944336 0.604167 0.945312 0.604167 0.946289 0.605469 0.947266 0.605469 0.948242 0.606771 0.950195 0.606771 0.951172 0.608073 0.953125 0.608073 0.954102 0.609375 0.964844 0.609375 0.96582 0.610677 0.995117 0.610677 0.996094 0.609375 0.999023 0.609375 0.999023 0.529948
0 0.741211 0.53125 0.740234 0.532552 0.740234 0.533854 0.736328 0.539062 0.734375 0.539062 0.733398 0.540365 0.731445 0.540365 0.730469 0.541667 0.729492 0.541667 0.728516 0.542969 0.725586 0.542969 0.724609 0.544271 0.722656 0.544271 0.72168 0.542969 0.717773 0.542969 0.716797 0.541667 0.714844 0.541667 0.713867 0.540365 0.711914 0.540365 0.710938 0.539062 0.709961 0.539062 0.708984 0.53776 0.708008 0.53776 0.707031 0.536458 0.705078 0.536458 0.704102 0.535156 0.702148 0.535156 0.701172 0.533854 0.701172 0.536458 0.702148 0.53776 0.702148 0.540365 0.701172 0.541667 0.701172 0.548177 0.700195 0.549479 0.700195 0.553385 0.699219 0.554688 0.699219 0.5625 0.698242 0.563802 0.698242 0.567708 0.697266 0.56901 0.697266 0.570312 0.696289 0.571615 0.696289 0.575521 0.695312 0.576823 0.695312 0.582031 0.696289 0.580729 0.697266 0.580729 0.698242 0.579427 0.698242 0.578125 0.704102 0.570312 0.705078 0.570312 0.707031 0.567708 0.708984 0.567708 0.709961 0.566406 0.714844 0.566406 0.71582 0.567708 0.717773 0.567708 0.71875 0.56901 0.719727 0.56901 0.72168 0.571615 0.722656 0.571615 0.723633 0.572917 0.723633 0.574219 0.725586 0.576823 0.725586 0.58724 0.726562 0.588542 0.728516 0.588542 0.729492 0.58724 0.730469 0.58724 0.731445 0.585938 0.735352 0.585938 0.736328 0.584635 0.737305 0.584635 0.738281 0.583333 0.750977 0.583333 0.751953 0.584635 0.753906 0.584635 0.754883 0.585938 0.756836 0.585938 0.757812 0.58724 0.759766 0.58724 0.760742 0.588542 0.763672 0.588542 0.765625 0.591146 0.767578 0.591146 0.768555 0.592448 0.787109 0.592448 0.788086 0.591146 0.789062 0.591146 0.790039 0.592448 0.802734 0.592448 0.803711 0.591146 0.80957 0.591146 0.810547 0.589844 0.814453 0.589844 0.81543 0.588542 0.817383 0.588542 0.818359 0.58724 0.822266 0.58724 0.823242 0.585938 0.826172 0.585938 0.827148 0.584635 0.829102 0.584635 0.830078 0.583333 0.832031 0.583333 0.833008 0.582031 0.833984 0.582031 0.834961 0.580729 0.835938 0.580729 0.836914 0.579427 0.837891 0.579427 0.838867 0.578125 0.839844 0.578125 0.84082 0.576823 0.841797 0.576823 0.84375 0.574219 0.844727 0.574219 0.84668 0.571615 0.84668 0.5625 0.845703 0.5625 0.84375 0.559896 0.842773 0.559896 0.841797 0.558594 0.84082 0.558594 0.839844 0.557292 0.836914 0.557292 0.835938 0.55599 0.834961 0.55599 0.833984 0.554688 0.832031 0.554688 0.831055 0.553385 0.828125 0.553385 0.827148 0.552083 0.825195 0.552083 0.824219 0.550781 0.823242 0.550781 0.822266 0.549479 0.820312 0.549479 0.819336 0.548177 0.817383 0.548177 0.816406 0.546875 0.814453 0.546875 0.813477 0.545573 0.810547 0.545573 0.80957 0.544271 0.807617 0.544271 0.806641 0.542969 0.804688 0.542969 0.803711 0.541667 0.800781 0.541667 0.799805 0.540365 0.795898 0.540365 0.794922 0.539062 0.78125 0.539062 0.780273 0.53776 0.764648 0.53776 0.763672 0.536458 0.758789 0.536458 0.757812 0.535156 0.755859 0.535156 0.753906 0.532552 0.753906 0.53125
0 0.996094 0.529948 0.995117 0.53125 0.994141 0.53125 0.993164 0.532552 0.991211 0.532552 0.990234 0.533854 0.986328 0.533854 0.985352 0.535156 0.947266 0.535156 0.946289 0.536458 0.943359 0.536458 0.942383 0.53776 0.936523 0.53776 0.935547 0.539062 0.932617 0.539062 0.931641 0.540365 0.928711 0.540365 0.927734 0.541667 0.924805 0.541667 0.923828 0.542969 0.920898 0.542969 0.919922 0.544271 0.917969 0.544271 0.916992 0.545573 0.915039 0.545573 0.914062 0.546875 0.911133 0.546875 0.910156 0.548177 0.90918 0.548177 0.908203 0.549479 0.90625 0.549479 0.905273 0.550781 0.904297 0.550781 0.90332 0.552083 0.902344 0.552083 0.901367 0.553385 0.899414 0.553385 0.898438 0.554688 0.897461 0.554688 0.896484 0.55599 0.894531 0.55599 0.893555 0.557292 0.892578 0.557292 0.891602 0.558594 0.890625 0.558594 0.889648 0.559896 0.888672 0.559896 0.887695 0.561198 0.886719 0.561198 0.885742 0.5625 0.884766 0.5625 0.883789 0.563802 0.882812 0.563802 0.880859 0.566406 0.879883 0.566406 0.875 0.572917 0.875 0.579427 0.880859 0.579427 0.881836 0.580729 0.883789 0.580729 0.884766 0.582031 0.886719 0.582031 0.887695 0.583333 0.890625 0.583333 0.891602 0.584635 0.893555 0.584635 0.894531 0.585938 0.896484 0.585938 0.897461 0.58724 0.901367 0.58724 0.902344 0.588542 0.907227 0.588542 0.90918 0.591146 0.912109 0.591146 0.913086 0.592448 0.915039 0.592448 0.916016 0.59375 0.920898 0.59375 0.921875 0.595052 0.930664 0.595052 0.931641 0.596354 0.93457 0.596354 0.935547 0.597656 0.9375 0.597656 0.939453 0.60026 0.939453 0.601562 0.94043 0.601562 0.941406 0.602865 0.943359 0.602865 0.944336 0.604167 0.945312 0.604167 0.946289 0.605469 0.947266 0.605469 0.948242 0.606771 0.950195 0.606771 0.951172 0.608073 0.953125 0.608073 0.954102 0.609375 0.964844 0.609375 0.96582 0.610677 0.995117 0.610677 0.996094 0.609375 0.999023 0.609375 0.999023 0.529948
0 0.741211 0.53125 0.740234 0.532552 0.740234 0.533854 0.736328 0.539062 0.734375 0.539062 0.733398 0.540365 0.731445 0.540365 0.730469 0.541667 0.729492 0.541667 0.728516 0.542969 0.725586 0.542969 0.724609 0.544271 0.722656 0.544271 0.72168 0.542969 0.717773 0.542969 0.716797 0.541667 0.714844 0.541667 0.713867 0.540365 0.711914 0.540365 0.710938 0.539062 0.709961 0.539062 0.708984 0.53776 0.708008 0.53776 0.707031 0.536458 0.705078 0.536458 0.704102 0.535156 0.702148 0.535156 0.701172 0.533854 0.701172 0.536458 0.702148 0.53776 0.702148 0.540365 0.701172 0.541667 0.701172 0.548177 0.700195 0.549479 0.700195 0.553385 0.699219 0.554688 0.699219 0.5625 0.698242 0.563802 0.698242 0.567708 0.697266 0.56901 0.697266 0.570312 0.696289 0.571615 0.696289 0.575521 0.695312 0.576823 0.695312 0.582031 0.696289 0.580729 0.697266 0.580729 0.698242 0.579427 0.698242 0.578125 0.704102 0.570312 0.705078 0.570312 0.707031 0.567708 0.708984 0.567708 0.709961 0.566406 0.714844 0.566406 0.71582 0.567708 0.717773 0.567708 0.71875 0.56901 0.719727 0.56901 0.72168 0.571615 0.722656 0.571615 0.723633 0.572917 0.723633 0.574219 0.725586 0.576823 0.725586 0.58724 0.726562 0.588542 0.728516 0.588542 0.729492 0.58724 0.730469 0.58724 0.731445 0.585938 0.735352 0.585938 0.736328 0.584635 0.737305 0.584635 0.738281 0.583333 0.750977 0.583333 0.751953 0.584635 0.753906 0.584635 0.754883 0.585938 0.756836 0.585938 0.757812 0.58724 0.759766 0.58724 0.760742 0.588542 0.763672 0.588542 0.765625 0.591146 0.767578 0.591146 0.768555 0.592448 0.787109 0.592448 0.788086 0.591146 0.789062 0.591146 0.790039 0.592448 0.802734 0.592448 0.803711 0.591146 0.80957 0.591146 0.810547 0.589844 0.814453 0.589844 0.81543 0.588542 0.817383 0.588542 0.818359 0.58724 0.822266 0.58724 0.823242 0.585938 0.826172 0.585938 0.827148 0.584635 0.829102 0.584635 0.830078 0.583333 0.832031 0.583333 0.833008 0.582031 0.833984 0.582031 0.834961 0.580729 0.835938 0.580729 0.836914 0.579427 0.837891 0.579427 0.838867 0.578125 0.839844 0.578125 0.84082 0.576823 0.841797 0.576823 0.84375 0.574219 0.844727 0.574219 0.84668 0.571615 0.84668 0.5625 0.845703 0.5625 0.84375 0.559896 0.842773 0.559896 0.841797 0.558594 0.84082 0.558594 0.839844 0.557292 0.836914 0.557292 0.835938 0.55599 0.834961 0.55599 0.833984 0.554688 0.832031 0.554688 0.831055 0.553385 0.828125 0.553385 0.827148 0.552083 0.825195 0.552083 0.824219 0.550781 0.823242 0.550781 0.822266 0.549479 0.820312 0.549479 0.819336 0.548177 0.817383 0.548177 0.816406 0.546875 0.814453 0.546875 0.813477 0.545573 0.810547 0.545573 0.80957 0.544271 0.807617 0.544271 0.806641 0.542969 0.804688 0.542969 0.803711 0.541667 0.800781 0.541667 0.799805 0.540365 0.795898 0.540365 0.794922 0.539062 0.78125 0.539062 0.780273 0.53776 0.764648 0.53776 0.763672 0.536458 0.758789 0.536458 0.757812 0.535156 0.755859 0.535156 0.753906 0.532552 0.753906 0.53125
0 0.996094 0.529948 0.995117 0.53125 0.994141 0.53125 0.993164 0.532552 0.991211 0.532552 0.990234 0.533854 0.986328 0.533854 0.985352 0.535156 0.947266 0.535156 0.946289 0.536458 0.943359 0.536458 0.942383 0.53776 0.936523 0.53776 0.935547 0.539062 0.932617 0.539062 0.931641 0.540365 0.928711 0.540365 0.927734 0.541667 0.924805 0.541667 0.923828 0.542969 0.920898 0.542969 0.919922 0.544271 0.917969 0.544271 0.916992 0.545573 0.915039 0.545573 0.914062 0.546875 0.911133 0.546875 0.910156 0.548177 0.90918 0.548177 0.908203 0.549479 0.90625 0.549479 0.905273 0.550781 0.904297 0.550781 0.90332 0.552083 0.902344 0.552083 0.901367 0.553385 0.899414 0.553385 0.898438 0.554688 0.897461 0.554688 0.896484 0.55599 0.894531 0.55599 0.893555 0.557292 0.892578 0.557292 0.891602 0.558594 0.890625 0.558594 0.889648 0.559896 0.888672 0.559896 0.887695 0.561198 0.886719 0.561198 0.885742 0.5625 0.884766 0.5625 0.883789 0.563802 0.882812 0.563802 0.880859 0.566406 0.879883 0.566406 0.875 0.572917 0.875 0.579427 0.880859 0.579427 0.881836 0.580729 0.883789 0.580729 0.884766 0.582031 0.886719 0.582031 0.887695 0.583333 0.890625 0.583333 0.891602 0.584635 0.893555 0.584635 0.894531 0.585938 0.896484 0.585938 0.897461 0.58724 0.901367 0.58724 0.902344 0.588542 0.907227 0.588542 0.90918 0.591146 0.912109 0.591146 0.913086 0.592448 0.915039 0.592448 0.916016 0.59375 0.920898 0.59375 0.921875 0.595052 0.930664 0.595052 0.931641 0.596354 0.93457 0.596354 0.935547 0.597656 0.9375 0.597656 0.939453 0.60026 0.939453 0.601562 0.94043 0.601562 0.941406 0.602865 0.943359 0.602865 0.944336 0.604167 0.945312 0.604167 0.946289 0.605469 0.947266 0.605469 0.948242 0.606771 0.950195 0.606771 0.951172 0.608073 0.953125 0.608073 0.954102 0.609375 0.964844 0.609375 0.96582 0.610677 0.995117 0.610677 0.996094 0.609375 0.999023 0.609375 0.999023 0.529948
0 0.741211 0.53125 0.740234 0.532552 0.740234 0.533854 0.736328 0.539062 0.734375 0.539062 0.733398 0.540365 0.731445 0.540365 0.730469 0.541667 0.729492 0.541667 0.728516 0.542969 0.725586 0.542969 0.724609 0.544271 0.722656 0.544271 0.72168 0.542969 0.717773 0.542969 0.716797 0.541667 0.714844 0.541667 0.713867 0.540365 0.711914 0.540365 0.710938 0.539062 0.709961 0.539062 0.708984 0.53776 0.708008 0.53776 0.707031 0.536458 0.705078 0.536458 0.704102 0.535156 0.702148 0.535156 0.701172 0.533854 0.701172 0.536458 0.702148 0.53776 0.702148 0.540365 0.701172 0.541667 0.701172 0.548177 0.700195 0.549479 0.700195 0.553385 0.699219 0.554688 0.699219 0.5625 0.698242 0.563802 0.698242 0.567708 0.697266 0.56901 0.697266 0.570312 0.696289 0.571615 0.696289 0.575521 0.695312 0.576823 0.695312 0.582031 0.696289 0.580729 0.697266 0.580729 0.698242 0.579427 0.698242 0.578125 0.704102 0.570312 0.705078 0.570312 0.707031 0.567708 0.708984 0.567708 0.709961 0.566406 0.714844 0.566406 0.71582 0.567708 0.717773 0.567708 0.71875 0.56901 0.719727 0.56901 0.72168 0.571615 0.722656 0.571615 0.723633 0.572917 0.723633 0.574219 0.725586 0.576823 0.725586 0.58724 0.726562 0.588542 0.728516 0.588542 0.729492 0.58724 0.730469 0.58724 0.731445 0.585938 0.735352 0.585938 0.736328 0.584635 0.737305 0.584635 0.738281 0.583333 0.750977 0.583333 0.751953 0.584635 0.753906 0.584635 0.754883 0.585938 0.756836 0.585938 0.757812 0.58724 0.759766 0.58724 0.760742 0.588542 0.763672 0.588542 0.765625 0.591146 0.767578 0.591146 0.768555 0.592448 0.787109 0.592448 0.788086 0.591146 0.789062 0.591146 0.790039 0.592448 0.802734 0.592448 0.803711 0.591146 0.80957 0.591146 0.810547 0.589844 0.814453 0.589844 0.81543 0.588542 0.817383 0.588542 0.818359 0.58724 0.822266 0.58724 0.823242 0.585938 0.826172 0.585938 0.827148 0.584635 0.829102 0.584635 0.830078 0.583333 0.832031 0.583333 0.833008 0.582031 0.833984 0.582031 0.834961 0.580729 0.835938 0.580729 0.836914 0.579427 0.837891 0.579427 0.838867 0.578125 0.839844 0.578125 0.84082 0.576823 0.841797 0.576823 0.84375 0.574219 0.844727 0.574219 0.84668 0.571615 0.84668 0.5625 0.845703 0.5625 0.84375 0.559896 0.842773 0.559896 0.841797 0.558594 0.84082 0.558594 0.839844 0.557292 0.836914 0.557292 0.835938 0.55599 0.834961 0.55599 0.833984 0.554688 0.832031 0.554688 0.831055 0.553385 0.828125 0.553385 0.827148 0.552083 0.825195 0.552083 0.824219 0.550781 0.823242 0.550781 0.822266 0.549479 0.820312 0.549479 0.819336 0.548177 0.817383 0.548177 0.816406 0.546875 0.814453 0.546875 0.813477 0.545573 0.810547 0.545573 0.80957 0.544271 0.807617 0.544271 0.806641 0.542969 0.804688 0.542969 0.803711 0.541667 0.800781 0.541667 0.799805 0.540365 0.795898 0.540365 0.794922 0.539062 0.78125 0.539062 0.780273 0.53776 0.764648 0.53776 0.763672 0.536458 0.758789 0.536458 0.757812 0.535156 0.755859 0.535156 0.753906 0.532552 0.753906 0.53125
0 0.996094 0.529948 0.995117 0.53125 0.994141 0.53125 0.993164 0.532552 0.991211 0.532552 0.990234 0.533854 0.986328 0.533854 0.985352 0.535156 0.947266 0.535156 0.946289 0.536458 0.943359 0.536458 0.942383 0.53776 0.936523 0.53776 0.935547 0.539062 0.932617 0.539062 0.931641 0.540365 0.928711 0.540365 0.927734 0.541667 0.924805 0.541667 0.923828 0.542969 0.920898 0.542969 0.919922 0.544271 0.917969 0.544271 0.916992 0.545573 0.915039 0.545573 0.914062 0.546875 0.911133 0.546875 0.910156 0.548177 0.90918 0.548177 0.908203 0.549479 0.90625 0.549479 0.905273 0.550781 0.904297 0.550781 0.90332 0.552083 0.902344 0.552083 0.901367 0.553385 0.899414 0.553385 0.898438 0.554688 0.897461 0.554688 0.896484 0.55599 0.894531 0.55599 0.893555 0.557292 0.892578 0.557292 0.891602 0.558594 0.890625 0.558594 0.889648 0.559896 0.888672 0.559896 0.887695 0.561198 0.886719 0.561198 0.885742 0.5625 0.884766 0.5625 0.883789 0.563802 0.882812 0.563802 0.880859 0.566406 0.879883 0.566406 0.875 0.572917 0.875 0.579427 0.880859 0.579427 0.881836 0.580729 0.883789 0.580729 0.884766 0.582031 0.886719 0.582031 0.887695 0.583333 0.890625 0.583333 0.891602 0.584635 0.893555 0.584635 0.894531 0.585938 0.896484 0.585938 0.897461 0.58724 0.901367 0.58724 0.902344 0.588542 0.907227 0.588542 0.90918 0.591146 0.912109 0.591146 0.913086 0.592448 0.915039 0.592448 0.916016 0.59375 0.920898 0.59375 0.921875 0.595052 0.930664 0.595052 0.931641 0.596354 0.93457 0.596354 0.935547 0.597656 0.9375 0.597656 0.939453 0.60026 0.939453 0.601562 0.94043 0.601562 0.941406 0.602865 0.943359 0.602865 0.944336 0.604167 0.945312 0.604167 0.946289 0.605469 0.947266 0.605469 0.948242 0.606771 0.950195 0.606771 0.951172 0.608073 0.953125 0.608073 0.954102 0.609375 0.964844 0.609375 0.96582 0.610677 0.995117 0.610677 0.996094 0.609375 0.999023 0.609375 0.999023 0.529948
0 0.741211 0.53125 0.740234 0.532552 0.740234 0.533854 0.736328 0.539062 0.734375 0.539062 0.733398 0.540365 0.731445 0.540365 0.730469 0.541667 0.729492 0.541667 0.728516 0.542969 0.725586 0.542969 0.724609 0.544271 0.722656 0.544271 0.72168 0.542969 0.717773 0.542969 0.716797 0.541667 0.714844 0.541667 0.713867 0.540365 0.711914 0.540365 0.710938 0.539062 0.709961 0.539062 0.708984 0.53776 0.708008 0.53776 0.707031 0.536458 0.705078 0.536458 0.704102 0.535156 0.702148 0.535156 0.701172 0.533854 0.701172 0.536458 0.702148 0.53776 0.702148 0.540365 0.701172 0.541667 0.701172 0.548177 0.700195 0.549479 0.700195 0.553385 0.699219 0.554688 0.699219 0.5625 0.698242 0.563802 0.698242 0.567708 0.697266 0.56901 0.697266 0.570312 0.696289 0.571615 0.696289 0.575521 0.695312 0.576823 0.695312 0.582031 0.696289 0.580729 0.697266 0.580729 0.698242 0.579427 0.698242 0.578125 0.704102 0.570312 0.705078 0.570312 0.707031 0.567708 0.708984 0.567708 0.709961 0.566406 0.714844 0.566406 0.71582 0.567708 0.717773 0.567708 0.71875 0.56901 0.719727 0.56901 0.72168 0.571615 0.722656 0.571615 0.723633 0.572917 0.723633 0.574219 0.725586 0.576823 0.725586 0.58724 0.726562 0.588542 0.728516 0.588542 0.729492 0.58724 0.730469 0.58724 0.731445 0.585938 0.735352 0.585938 0.736328 0.584635 0.737305 0.584635 0.738281 0.583333 0.750977 0.583333 0.751953 0.584635 0.753906 0.584635 0.754883 0.585938 0.756836 0.585938 0.757812 0.58724 0.759766 0.58724 0.760742 0.588542 0.763672 0.588542 0.765625 0.591146 0.767578 0.591146 0.768555 0.592448 0.787109 0.592448 0.788086 0.591146 0.789062 0.591146 0.790039 0.592448 0.802734 0.592448 0.803711 0.591146 0.80957 0.591146 0.810547 0.589844 0.814453 0.589844 0.81543 0.588542 0.817383 0.588542 0.818359 0.58724 0.822266 0.58724 0.823242 0.585938 0.826172 0.585938 0.827148 0.584635 0.829102 0.584635 0.830078 0.583333 0.832031 0.583333 0.833008 0.582031 0.833984 0.582031 0.834961 0.580729 0.835938 0.580729 0.836914 0.579427 0.837891 0.579427 0.838867 0.578125 0.839844 0.578125 0.84082 0.576823 0.841797 0.576823 0.84375 0.574219 0.844727 0.574219 0.84668 0.571615 0.84668 0.5625 0.845703 0.5625 0.84375 0.559896 0.842773 0.559896 0.841797 0.558594 0.84082 0.558594 0.839844 0.557292 0.836914 0.557292 0.835938 0.55599 0.834961 0.55599 0.833984 0.554688 0.832031 0.554688 0.831055 0.553385 0.828125 0.553385 0.827148 0.552083 0.825195 0.552083 0.824219 0.550781 0.823242 0.550781 0.822266 0.549479 0.820312 0.549479 0.819336 0.548177 0.817383 0.548177 0.816406 0.546875 0.814453 0.546875 0.813477 0.545573 0.810547 0.545573 0.80957 0.544271 0.807617 0.544271 0.806641 0.542969 0.804688 0.542969 0.803711 0.541667 0.800781 0.541667 0.799805 0.540365 0.795898 0.540365 0.794922 0.539062 0.78125 0.539062 0.780273 0.53776 0.764648 0.53776 0.763672 0.536458 0.758789 0.536458 0.757812 0.535156 0.755859 0.535156 0.753906 0.532552 0.753906 0.53125
0 0.996094 0.529948 0.995117 0.53125 0.994141 0.53125 0.993164 0.532552 0.991211 0.532552 0.990234 0.533854 0.986328 0.533854 0.985352 0.535156 0.947266 0.535156 0.946289 0.536458 0.943359 0.536458 0.942383 0.53776 0.936523 0.53776 0.935547 0.539062 0.932617 0.539062 0.931641 0.540365 0.928711 0.540365 0.927734 0.541667 0.924805 0.541667 0.923828 0.542969 0.920898 0.542969 0.919922 0.544271 0.917969 0.544271 0.916992 0.545573 0.915039 0.545573 0.914062 0.546875 0.911133 0.546875 0.910156 0.548177 0.90918 0.548177 0.908203 0.549479 0.90625 0.549479 0.905273 0.550781 0.904297 0.550781 0.90332 0.552083 0.902344 0.552083 0.901367 0.553385 0.899414 0.553385 0.898438 0.554688 0.897461 0.554688 0.896484 0.55599 0.894531 0.55599 0.893555 0.557292 0.892578 0.557292 0.891602 0.558594 0.890625 0.558594 0.889648 0.559896 0.888672 0.559896 0.887695 0.561198 0.886719 0.561198 0.885742 0.5625 0.884766 0.5625 0.883789 0.563802 0.882812 0.563802 0.880859 0.566406 0.879883 0.566406 0.875 0.572917 0.875 0.579427 0.880859 0.579427 0.881836 0.580729 0.883789 0.580729 0.884766 0.582031 0.886719 0.582031 0.887695 0.583333 0.890625 0.583333 0.891602 0.584635 0.893555 0.584635 0.894531 0.585938 0.896484 0.585938 0.897461 0.58724 0.901367 0.58724 0.902344 0.588542 0.907227 0.588542 0.90918 0.591146 0.912109 0.591146 0.913086 0.592448 0.915039 0.592448 0.916016 0.59375 0.920898 0.59375 0.921875 0.595052 0.930664 0.595052 0.931641 0.596354 0.93457 0.596354 0.935547 0.597656 0.9375 0.597656 0.939453 0.60026 0.939453 0.601562 0.94043 0.601562 0.941406 0.602865 0.943359 0.602865 0.944336 0.604167 0.945312 0.604167 0.946289 0.605469 0.947266 0.605469 0.948242 0.606771 0.950195 0.606771 0.951172 0.608073 0.953125 0.608073 0.954102 0.609375 0.964844 0.609375 0.96582 0.610677 0.995117 0.610677 0.996094 0.609375 0.999023 0.609375 0.999023 0.529948
0 0.741211 0.53125 0.740234 0.532552 0.740234 0.533854 0.736328 0.539062 0.734375 0.539062 0.733398 0.540365 0.731445 0.540365 0.730469 0.541667 0.729492 0.541667 0.728516 0.542969 0.725586 0.542969 0.724609 0.544271 0.722656 0.544271 0.72168 0.542969 0.717773 0.542969 0.716797 0.541667 0.714844 0.541667 0.713867 0.540365 0.711914 0.540365 0.710938 0.539062 0.709961 0.539062 0.708984 0.53776 0.708008 0.53776 0.707031 0.536458 0.705078 0.536458 0.704102 0.535156 0.702148 0.535156 0.701172 0.533854 0.701172 0.536458 0.702148 0.53776 0.702148 0.540365 0.701172 0.541667 0.701172 0.548177 0.700195 0.549479 0.700195 0.553385 0.699219 0.554688 0.699219 0.5625 0.698242 0.563802 0.698242 0.567708 0.697266 0.56901 0.697266 0.570312 0.696289 0.571615 0.696289 0.575521 0.695312 0.576823 0.695312 0.582031 0.696289 0.580729 0.697266 0.580729 0.698242 0.579427 0.698242 0.578125 0.704102 0.570312 0.705078 0.570312 0.707031 0.567708 0.708984 0.567708 0.709961 0.566406 0.714844 0.566406 0.71582 0.567708 0.717773 0.567708 0.71875 0.56901 0.719727 0.56901 0.72168 0.571615 0.722656 0.571615 0.723633 0.572917 0.723633 0.574219 0.725586 0.576823 0.725586 0.58724 0.726562 0.588542 0.728516 0.588542 0.729492 0.58724 0.730469 0.58724 0.731445 0.585938 0.735352 0.585938 0.736328 0.584635 0.737305 0.584635 0.738281 0.583333 0.750977 0.583333 0.751953 0.584635 0.753906 0.584635 0.754883 0.585938 0.756836 0.585938 0.757812 0.58724 0.759766 0.58724 0.760742 0.588542 0.763672 0.588542 0.765625 0.591146 0.767578 0.591146 0.768555 0.592448 0.787109 0.592448 0.788086 0.591146 0.789062 0.591146 0.790039 0.592448 0.802734 0.592448 0.803711 0.591146 0.80957 0.591146 0.810547 0.589844 0.814453 0.589844 0.81543 0.588542 0.817383 0.588542 0.818359 0.58724 0.822266 0.58724 0.823242 0.585938 0.826172 0.585938 0.827148 0.584635 0.829102 0.584635 0.830078 0.583333 0.832031 0.583333 0.833008 0.582031 0.833984 0.582031 0.834961 0.580729 0.835938 0.580729 0.836914 0.579427 0.837891 0.579427 0.838867 0.578125 0.839844 0.578125 0.84082 0.576823 0.841797 0.576823 0.84375 0.574219 0.844727 0.574219 0.84668 0.571615 0.84668 0.5625 0.845703 0.5625 0.84375 0.559896 0.842773 0.559896 0.841797 0.558594 0.84082 0.558594 0.839844 0.557292 0.836914 0.557292 0.835938 0.55599 0.834961 0.55599 0.833984 0.554688 0.832031 0.554688 0.831055 0.553385 0.828125 0.553385 0.827148 0.552083 0.825195 0.552083 0.824219 0.550781 0.823242 0.550781 0.822266 0.549479 0.820312 0.549479 0.819336 0.548177 0.817383 0.548177 0.816406 0.546875 0.814453 0.546875 0.813477 0.545573 0.810547 0.545573 0.80957 0.544271 0.807617 0.544271 0.806641 0.542969 0.804688 0.542969 0.803711 0.541667 0.800781 0.541667 0.799805 0.540365 0.795898 0.540365 0.794922 0.539062 0.78125 0.539062 0.780273 0.53776 0.764648 0.53776 0.763672 0.536458 0.758789 0.536458 0.757812 0.535156 0.755859 0.535156 0.753906 0.532552 0.753906 0.53125
0 0.996094 0.529948 0.995117 0.53125 0.994141 0.53125 0.993164 0.532552 0.991211 0.532552 0.990234 0.533854 0.986328 0.533854 0.985352 0.535156 0.947266 0.535156 0.946289 0.536458 0.943359 0.536458 0.942383 0.53776 0.936523 0.53776 0.935547 0.539062 0.932617 0.539062 0.931641 0.540365 0.928711 0.540365 0.927734 0.541667 0.924805 0.541667 0.923828 0.542969 0.920898 0.542969 0.919922 0.544271 0.917969 0.544271 0.916992 0.545573 0.915039 0.545573 0.914062 0.546875 0.911133 0.546875 0.910156 0.548177 0.90918 0.548177 0.908203 0.549479 0.90625 0.549479 0.905273 0.550781 0.904297 0.550781 0.90332 0.552083 0.902344 0.552083 0.901367 0.553385 0.899414 0.553385 0.898438 0.554688 0.897461 0.554688 0.896484 0.55599 0.894531 0.55599 0.893555 0.557292 0.892578 0.557292 0.891602 0.558594 0.890625 0.558594 0.889648 0.559896 0.888672 0.559896 0.887695 0.561198 0.886719 0.561198 0.885742 0.5625 0.884766 0.5625 0.883789 0.563802 0.882812 0.563802 0.880859 0.566406 0.879883 0.566406 0.875 0.572917 0.875 0.579427 0.880859 0.579427 0.881836 0.580729 0.883789 0.580729 0.884766 0.582031 0.886719 0.582031 0.887695 0.583333 0.890625 0.583333 0.891602 0.584635 0.893555 0.584635 0.894531 0.585938 0.896484 0.585938 0.897461 0.58724 0.901367 0.58724 0.902344 0.588542 0.907227 0.588542 0.90918 0.591146 0.912109 0.591146 0.913086 0.592448 0.915039 0.592448 0.916016 0.59375 0.920898 0.59375 0.921875 0.595052 0.930664 0.595052 0.931641 0.596354 0.93457 0.596354 0.935547 0.597656 0.9375 0.597656 0.939453 0.60026 0.939453 0.601562 0.94043 0.601562 0.941406 0.602865 0.943359 0.602865 0.944336 0.604167 0.945312 0.604167 0.946289 0.605469 0.947266 0.605469 0.948242 0.606771 0.950195 0.606771 0.951172 0.608073 0.953125 0.608073 0.954102 0.609375 0.964844 0.609375 0.96582 0.610677 0.995117 0.610677 0.996094 0.609375 0.999023 0.609375 0.999023 0.529948
