0 0.647461 0.535156 0.647461 0.558594 0.646484 0.559896 0.646484 0.561198 0.645508 0.5625 0.645508 0.56901 0.651367 0.56901 0.652344 0.567708 0.65332 0.567708 0.654297 0.566406 0.657227 0.566406 0.658203 0.565104 0.661133 0.565104 0.662109 0.563802 0.664062 0.563802 0.665039 0.5625 0.669922 0.5625 0.670898 0.563802 0.671875 0.563802 0.676758 0.570312 0.676758 0.571615 0.677734 0.572917 0.677734 0.579427 0.678711 0.580729 0.680664 0.580729 0.681641 0.582031 0.683594 0.582031 0.68457 0.583333 0.703125 0.583333 0.703125 0.578125 0.702148 0.576823 0.702148 0.575521 0.701172 0.575521 0.698242 0.571615 0.697266 0.571615 0.696289 0.570312 0.695312 0.570312 0.694336 0.56901 0.693359 0.56901 0.688477 0.5625 0.6875 0.5625 0.683594 0.557292 0.683594 0.55599 0.682617 0.554688 0.682617 0.553385 0.678711 0.548177 0.669922 0.548177 0.668945 0.546875 0.666992 0.546875 0.666016 0.545573 0.665039 0.545573 0.664062 0.544271 0.663086 0.544271 0.662109 0.542969 0.661133 0.542969 0.660156 0.541667 0.65918 0.541667 0.657227 0.539062 0.65625 0.539062 0.655273 0.53776 0.654297 0.53776 0.65332 0.536458 0.652344 0.536458 0.651367 0.535156
0 0.710938 0.53776 0.708984 0.540365 0.707031 0.540365 0.706055 0.541667 0.703125 0.541667 0.702148 0.542969 0.699219 0.542969 0.698242 0.544271 0.697266 0.544271 0.696289 0.545573 0.695312 0.545573 0.694336 0.546875 0.693359 0.546875 0.692383 0.548177 0.69043 0.548177 0.689453 0.549479 0.686523 0.549479 0.685547 0.550781 0.685547 0.561198 0.686523 0.561198 0.6875 0.5625 0.688477 0.5625 0.691406 0.566406 0.692383 0.566406 0.694336 0.56901 0.695312 0.56901 0.696289 0.570312 0.698242 0.570312 0.700195 0.572917 0.72168 0.572917 0.722656 0.571615 0.724609 0.571615 0.725586 0.570312 0.726562 0.570312 0.727539 0.56901 0.728516 0.56901 0.732422 0.563802 0.732422 0.5625 0.734375 0.559896 0.734375 0.557292 0.735352 0.55599 0.735352 0.546875 0.732422 0.542969 0.731445 0.542969 0.729492 0.540365 0.728516 0.540365 0.727539 0.539062 0.726562 0.539062 0.725586 0.53776
0 0.647461 0.535156 0.647461 0.558594 0.646484 0.559896 0.646484 0.561198 0.645508 0.5625 0.645508 0.56901 0.651367 0.56901 0.652344 0.567708 0.65332 0.567708 0.654297 0.566406 0.657227 0.566406 0.658203 0.565104 0.661133 0.565104 0.662109 0.563802 0.664062 0.563802 0.665039 0.5625 0.669922 0.5625 0.670898 0.563802 0.671875 0.563802 0.676758 0.570312 0.676758 0.571615 0.677734 0.572917 0.677734 0.579427 0.678711 0.580729 0.680664 0.580729 0.681641 0.582031 0.683594 0.582031 0.68457 0.583333 0.703125 0.583333 0.703125 0.578125 0.702148 0.576823 0.702148 0.575521 0.701172 0.575521 0.698242 0.571615 0.697266 0.571615 0.696289 0.570312 0.695312 0.570312 0.694336 0.56901 0.693359 0.56901 0.688477 0.5625 0.6875 0.5625 0.683594 0.557292 0.683594 0.55599 0.682617 0.554688 0.682617 0.553385 0.678711 0.548177 0.669922 0.548177 0.668945 0.546875 0.666992 0.546875 0.666016 0.545573 0.665039 0.545573 0.664062 0.544271 0.663086 0.544271 0.662109 0.542969 0.661133 0.542969 0.660156 0.541667 0.65918 0.541667 0.657227 0.539062 0.65625 0.539062 0.655273 0.53776 0.654297 0.53776 0.65332 0.536458 0.652344 0.536458 0.651367 0.535156
0 0.710938 0.53776 0.708984 0.540365 0.707031 0.540365 0.706055 0.541667 0.703125 0.541667 0.702148 0.542969 0.699219 0.542969 0.698242 0.544271 0.697266 0.544271 0.696289 0.545573 0.695312 0.545573 0.694336 0.546875 0.693359 0.546875 0.692383 0.548177 0.69043 0.548177 0.689453 0.549479 0.686523 0.549479 0.685547 0.550781 0.685547 0.561198 0.686523 0.561198 0.6875 0.5625 0.688477 0.5625 0.691406 0.566406 0.692383 0.566406 0.694336 0.56901 0.695312 0.56901 0.696289 0.570312 0.698242 0.570312 0.700195 0.572917 0.72168 0.572917 0.722656 0.571615 0.724609 0.571615 0.725586 0.570312 0.726562 0.570312 0.727539 0.56901 0.728516 0.56901 0.732422 0.563802 0.732422 0.5625 0.734375 0.559896 0.734375 0.557292 0.735352 0.55599 0.735352 0.546875 0.732422 0.542969 0.731445 0.542969 0.729492 0.540365 0.728516 0.540365 0.727539 0.539062 0.726562 0.539062 0.725586 0.53776
0 0.647461 0.535156 0.647461 0.558594 0.646484 0.559896 0.646484 0.561198 0.645508 0.5625 0.645508 0.56901 0.651367 0.56901 0.652344 0.567708 0.65332 0.567708 0.654297 0.566406 0.657227 0.566406 0.658203 0.565104 0.661133 0.565104 0.662109 0.563802 0.664062 0.563802 0.665039 0.5625 0.669922 0.5625 0.670898 0.563802 0.671875 0.563802 0.676758 0.570312 0.676758 0.571615 0.677734 0.572917 0.677734 0.579427 0.678711 0.580729 0.680664 0.580729 0.681641 0.582031 0.683594 0.582031 0.68457 0.583333 0.703125 0.583333 0.703125 0.578125 0.702148 0.576823 0.702148 0.575521 0.701172 0.575521 0.698242 0.571615 0.697266 0.571615 0.696289 0.570312 0.695312 0.570312 0.694336 0.56901 0.693359 0.56901 0.688477 0.5625 0.6875 0.5625 0.683594 0.557292 0.683594 0.55599 0.682617 0.554688 0.682617 0.553385 0.678711 0.548177 0.669922 0.548177 0.668945 0.546875 0.666992 0.546875 0.666016 0.545573 0.665039 0.545573 0.664062 0.544271 0.663086 0.544271 0.662109 0.542969 0.661133 0.542969 0.660156 0.541667 0.65918 0.541667 0.657227 0.539062 0.65625 0.539062 0.655273 0.53776 0.654297 0.53776 0.65332 0.536458 0.652344 0.536458 0.651367 0.535156
0 0.710938 0.53776 0.708984 0.540365 0.707031 0.540365 0.706055 0.541667 0.703125 0.541667 0.702148 0.542969 0.699219 0.542969 0.698242 0.544271 0.697266 0.544271 0.696289 0.545573 0.695312 0.545573 0.694336 0.546875 0.693359 0.546875 0.692383 0.548177 0.69043 0.548177 0.689453 0.549479 0.686523 0.549479 0.685547 0.550781 0.685547 0.561198 0.686523 0.561198 0.6875 0.5625 0.688477 0.5625 0.691406 0.566406 0.692383 0.566406 0.694336 0.56901 0.695312 0.56901 0.696289 0.570312 0.698242 0.570312 0.700195 0.572917 0.72168 0.572917 0.722656 0.571615 0.724609 0.571615 0.725586 0.570312 0.726562 0.570312 0.727539 0.56901 0.728516 0.56901 0.732422 0.563802 0.732422 0.5625 0.734375 0.559896 0.734375 0.557292 0.735352 0.55599 0.735352 0.546875 0.732422 0.542969 0.731445 0.542969 0.729492 0.540365 0.728516 0.540365 0.727539 0.539062 0.726562 0.539062 0.725586 0.53776
0 0.647461 0.535156 0.647461 0.558594 0.646484 0.559896 0.646484 0.561198 0.645508 0.5625 0.645508 0.56901 0.651367 0.56901 0.652344 0.567708 0.65332 0.567708 0.654297 0.566406 0.657227 0.566406 0.658203 0.565104 0.661133 0.565104 0.662109 0.563802 0.664062 0.563802 0.665039 0.5625 0.669922 0.5625 0.670898 0.563802 0.671875 0.563802 0.676758 0.570312 0.676758 0.571615 0.677734 0.572917 0.677734 0.579427 0.678711 0.580729 0.680664 0.580729 0.681641 0.582031 0.683594 0.582031 0.68457 0.583333 0.703125 0.583333 0.703125 0.578125 0.702148 0.576823 0.702148 0.575521 0.701172 0.575521 0.698242 0.571615 0.697266 0.571615 0.696289 0.570312 0.695312 0.570312 0.694336 0.56901 0.693359 0.56901 0.688477 0.5625 0.6875 0.5625 0.683594 0.557292 0.683594 0.55599 0.682617 0.554688 0.682617 0.553385 0.678711 0.548177 0.669922 0.548177 0.668945 0.546875 0.666992 0.546875 0.666016 0.545573 0.665039 0.545573 0.664062 0.544271 0.663086 0.544271 0.662109 0.542969 0.661133 0.542969 0.660156 0.541667 0.65918 0.541667 0.657227 0.539062 0.65625 0.539062 0.655273 0.53776 0.654297 0.53776 0.65332 0.536458 0.652344 0.536458 0.651367 0.535156
0 0.710938 0.53776 0.708984 0.540365 0.707031 0.540365 0.706055 0.541667 0.703125 0.541667 0.702148 0.542969 0.699219 0.542969 0.698242 0.544271 0.697266 0.544271 0.696289 0.545573 0.695312 0.545573 0.694336 0.546875 0.693359 0.546875 0.692383 0.548177 0.69043 0.548177 0.689453 0.549479 0.686523 0.549479 0.685547 0.550781 0.685547 0.561198 0.686523 0.561198 0.6875 0.5625 0.688477 0.5625 0.691406 0.566406 0.692383 0.566406 0.694336 0.56901 0.695312 0.56901 0.696289 0.570312 0.698242 0.570312 0.700195 0.572917 0.72168 0.572917 0.722656 0.571615 0.724609 0.571615 0.725586 0.570312 0.726562 0.570312 0.727539 0.56901 0.728516 0.56901 0.732422 0.563802 0.732422 0.5625 0.734375 0.559896 0.734375 0.557292 0.735352 0.55599 0.735352 0.546875 0.732422 0.542969 0.731445 0.542969 0.729492 0.540365 0.728516 0.540365 0.727539 0.539062 0.726562 0.539062 0.725586 0.53776
0 0.647461 0.535156 0.647461 0.558594 0.646484 0.559896 0.646484 0.561198 0.645508 0.5625 0.645508 0.56901 0.651367 0.56901 0.652344 0.567708 0.65332 0.567708 0.654297 0.566406 0.657227 0.566406 0.658203 0.565104 0.661133 0.565104 0.662109 0.563802 0.664062 0.563802 0.665039 0.5625 0.669922 0.5625 0.670898 0.563802 0.671875 0.563802 0.676758 0.570312 0.676758 0.571615 0.677734 0.572917 0.677734 0.579427 0.678711 0.580729 0.680664 0.580729 0.681641 0.582031 0.683594 0.582031 0.68457 0.583333 0.703125 0.583333 0.703125 0.578125 0.702148 0.576823 0.702148 0.575521 0.701172 0.575521 0.698242 0.571615 0.697266 0.571615 0.696289 0.570312 0.695312 0.570312 0.694336 0.56901 0.693359 0.56901 0.688477 0.5625 0.6875 0.5625 0.683594 0.557292 0.683594 0.55599 0.682617 0.554688 0.682617 0.553385 0.678711 0.548177 0.669922 0.548177 0.668945 0.546875 0.666992 0.546875 0.666016 0.545573 0.665039 0.545573 0.664062 0.544271 0.663086 0.544271 0.662109 0.542969 0.661133 0.542969 0.660156 0.541667 0.65918 0.541667 0.657227 0.539062 0.65625 0.539062 0.655273 0.53776 0.654297 0.53776 0.65332 0.536458 0.652344 0.536458 0.651367 0.535156
0 0.710938 0.53776 0.708984 0.540365 0.707031 0.540365 0.706055 0.541667 0.703125 0.541667 0.702148 0.542969 0.699219 0.542969 0.698242 0.544271 0.697266 0.544271 0.696289 0.545573 0.695312 0.545573 0.694336 0.546875 0.693359 0.546875 0.692383 0.548177 0.69043 0.548177 0.689453 0.549479 0.686523 0.549479 0.685547 0.550781 0.685547 0.561198 0.686523 0.561198 0.6875 0.5625 0.688477 0.5625 0.691406 0.566406 0.692383 0.566406 0.694336 0.56901 0.695312 0.56901 0.696289 0.570312 0.698242 0.570312 0.700195 0.572917 0.72168 0.572917 0.722656 0.571615 0.724609 0.571615 0.725586 0.570312 0.726562 0.570312 0.727539 0.56901 0.728516 0.56901 0.732422 0.563802 0.732422 0.5625 0.734375 0.559896 0.734375 0.557292 0.735352 0.55599 0.735352 0.546875 0.732422 0.542969 0.731445 0.542969 0.729492 0.540365 0.728516 0.540365 0.727539 0.539062 0.726562 0.539062 0.725586 0.53776
0 0.647461 0.535156 0.647461 0.558594 0.646484 0.559896 0.646484 0.561198 0.645508 0.5625 0.645508 0.56901 0.651367 0.56901 0.652344 0.567708 0.65332 0.567708 0.654297 0.566406 0.657227 0.566406 0.658203 0.565104 0.661133 0.565104 0.662109 0.563802 0.664062 0.563802 0.665039 0.5625 0.669922 0.5625 0.670898 0.563802 0.671875 0.563802 0.676758 0.570312 0.676758 0.571615 0.677734 0.572917 0.677734 0.579427 0.678711 0.580729 0.680664 0.580729 0.681641 0.582031 0.683594 0.582031 0.68457 0.583333 0.703125 0.583333 0.703125 0.578125 0.702148 0.576823 0.702148 0.575521 0.701172 0.575521 0.698242 0.571615 0.697266 0.571615 0.696289 0.570312 0.695312 0.570312 0.694336 0.56901 0.693359 0.56901 0.688477 0.5625 0.6875 0.5625 0.683594 0.557292 0.683594 0.55599 0.682617 0.554688 0.682617 0.553385 0.678711 0.548177 0.669922 0.548177 0.668945 0.546875 0.666992 0.546875 0.666016 0.545573 0.665039 0.545573 0.664062 0.544271 0.663086 0.544271 0.662109 0.542969 0.661133 0.542969 0.660156 0.541667 0.65918 0.541667 0.657227 0.539062 0.65625 0.539062 0.655273 0.53776 0.654297 0.53776 0.65332 0.536458 0.652344 0.536458 0.651367 0.535156
0 0.710938 0.53776 0.708984 0.540365 0.707031 0.540365 0.706055 0.541667 0.703125 0.541667 0.702148 0.542969 0.699219 0.542969 0.698242 0.544271 0.697266 0.544271 0.696289 0.545573 0.695312 0.545573 0.694336 0.546875 0.693359 0.546875 0.692383 0.548177 0.69043 0.548177 0.689453 0.549479 0.686523 0.549479 0.685547 0.550781 0.685547 0.561198 0.686523 0.561198 0.6875 0.5625 0.688477 0.5625 0.691406 0.566406 0.692383 0.566406 0.694336 0.56901 0.695312 0.56901 0.696289 0.570312 0.698242 0.570312 0.700195 0.572917 0.72168 0.572917 0.722656 0.571615 0.724609 0.571615 0.725586 0.570312 0.726562 0.570312 0.727539 0.56901 0.728516 0.56901 0.732422 0.563802 0.732422 0.5625 0.734375 0.559896 0.734375 0.557292 0.735352 0.55599 0.735352 0.546875 0.732422 0.542969 0.731445 0.542969 0.729492 0.540365 0.728516 0.540365 0.727539 0.539062 0.726562 0.539062 0.725586 0.53776
0 0.647461 0.535156 0.647461 0.558594 0.646484 0.559896 0.646484 0.561198 0.645508 0.5625 0.645508 0.56901 0.651367 0.56901 0.652344 0.567708 0.65332 0.567708 0.654297 0.566406 0.657227 0.566406 0.658203 0.565104 0.661133 0.565104 0.662109 0.563802 0.664062 0.563802 0.665039 0.5625 0.669922 0.5625 0.670898 0.563802 0.671875 0.563802 0.676758 0.570312 0.676758 0.571615 0.677734 0.572917 0.677734 0.579427 0.678711 0.580729 0.680664 0.580729 0.681641 0.582031 0.683594 0.582031 0.68457 0.583333 0.703125 0.583333 0.703125 0.578125 0.702148 0.576823 0.702148 0.575521 0.701172 0.575521 0.698242 0.571615 0.697266 0.571615 0.696289 0.570312 0.695312 0.570312 0.694336 0.56901 0.693359 0.56901 0.688477 0.5625 0.6875 0.5625 0.683594 0.557292 0.683594 0.55599 0.682617 0.554688 0.682617 0.553385 0.678711 0.548177 0.669922 0.548177 0.668945 0.546875 0.666992 0.546875 0.666016 0.545573 0.665039 0.545573 0.664062 0.544271 0.663086 0.544271 0.662109 0.542969 0.661133 0.542969 0.660156 0.541667 0.65918 0.541667 0.657227 0.539062 0.65625 0.539062 0.655273 0.53776 0.654297 0.53776 0.65332 0.536458 0.652344 0.536458 0.651367 0.535156
0 0.710938 0.53776 0.708984 0.540365 0.707031 0.540365 0.706055 0.541667 0.703125 0.541667 0.702148 0.542969 0.699219 0.542969 0.698242 0.544271 0.697266 0.544271 0.696289 0.545573 0.695312 0.545573 0.694336 0.546875 0.693359 0.546875 0.692383 0.548177 0.69043 0.548177 0.689453 0.549479 0.686523 0.549479 0.685547 0.550781 0.685547 0.561198 0.686523 0.561198 0.6875 0.5625 0.688477 0.5625 0.691406 0.566406 0.692383 0.566406 0.694336 0.56901 0.695312 0.56901 0.696289 0.570312 0.698242 0.570312 0.700195 0.572917 0.72168 0.572917 0.722656 0.571615 0.724609 0.571615 0.725586 0.570312 0.726562 0.570312 0.727539 0.56901 0.728516 0.56901 0.732422 0.563802 0.732422 0.5625 0.734375 0.559896 0.734375 0.557292 0.735352 0.55599 0.735352 0.546875 0.732422 0.542969 0.731445 0.542969 0.729492 0.540365 0.728516 0.540365 0.727539 0.539062 0.726562 0.539062 0.725586 0.53776
0 0.647461 0.535156 0.647461 0.558594 0.646484 0.559896 0.646484 0.561198 0.645508 0.5625 0.645508 0.56901 0.651367 0.56901 0.652344 0.567708 0.65332 0.567708 0.654297 0.566406 0.657227 0.566406 0.658203 0.565104 0.661133 0.565104 0.662109 0.563802 0.664062 0.563802 0.665039 0.5625 0.669922 0.5625 0.670898 0.563802 0.671875 0.563802 0.676758 0.570312 0.676758 0.571615 0.677734 0.572917 0.677734 0.579427 0.678711 0.580729 0.680664 0.580729 0.681641 0.582031 0.683594 0.582031 0.68457 0.583333 0.703125 0.583333 0.703125 0.578125 0.702148 0.576823 0.702148 0.575521 0.701172 0.575521 0.698242 0.571615 0.697266 0.571615 0.696289 0.570312 0.695312 0.570312 0.694336 0.56901 0.693359 0.56901 0.688477 0.5625 0.6875 0.5625 0.683594 0.557292 0.683594 0.55599 0.682617 0.554688 0.682617 0.553385 0.678711 0.548177 0.669922 0.548177 0.668945 0.546875 0.666992 0.546875 0.666016 0.545573 0.665039 0.545573 0.664062 0.544271 0.663086 0.544271 0.662109 0.542969 0.661133 0.542969 0.660156 0.541667 0.65918 0.541667 0.657227 0.539062 0.65625 0.539062 0.655273 0.53776 0.654297 0.53776 0.65332 0.536458 0.652344 0.536458 0.651367 0.535156
0 0.710938 0.53776 0.708984 0.540365 0.707031 0.540365 0.706055 0.541667 0.703125 0.541667 0.702148 0.542969 0.699219 0.542969 0.698242 0.544271 0.697266 0.544271 0.696289 0.545573 0.695312 0.545573 0.694336 0.546875 0.693359 0.546875 0.692383 0.548177 0.69043 0.548177 0.689453 0.549479 0.686523 0.549479 0.685547 0.550781 0.685547 0.561198 0.686523 0.561198 0.6875 0.5625 0.688477 0.5625 0.691406 0.566406 0.692383 0.566406 0.694336 0.56901 0.695312 0.56901 0.696289 0.570312 0.698242 0.570312 0.700195 0.572917 0.72168 0.572917 0.722656 0.571615 0.724609 0.571615 0.725586 0.570312 0.726562 0.570312 0.727539 0.56901 0.728516 0.56901 0.732422 0.563802 0.732422 0.5625 0.734375 0.559896 0.734375 0.557292 0.735352 0.55599 0.735352 0.546875 0.732422 0.542969 0.731445 0.542969 0.729492 0.540365 0.728516 0.540365 0.727539 0.539062 0.726562 0.539062 0.725586 0.53776
