0 0.178711 0.467448 0.178711 0.472656 0.179688 0.473958 0.179688 0.476562 0.180664 0.477865 0.180664 0.489583 0.179688 0.490885 0.179688 0.492188 0.176758 0.496094 0.175781 0.496094 0.172852 0.5 0.171875 0.5 0.170898 0.501302 0.170898 0.507812 0.173828 0.507812 0.174805 0.509115 0.191406 0.509115 0.192383 0.510417 0.194336 0.510417 0.196289 0.513021 0.197266 0.513021 0.198242 0.514323 0.198242 0.522135 0.199219 0.522135 0.203125 0.527344 0.204102 0.527344 0.205078 0.528646 0.206055 0.528646 0.207031 0.529948 0.208008 0.529948 0.208984 0.53125 0.209961 0.53125 0.210938 0.532552 0.211914 0.532552 0.212891 0.533854 0.213867 0.533854 0.214844 0.535156 0.21582 0.535156 0.216797 0.536458 0.217773 0.536458 0.21875 0.53776 0.219727 0.53776 0.22168 0.540365 0.222656 0.540365 0.223633 0.541667 0.226562 0.541667 0.227539 0.542969 0.228516 0.542969 0.229492 0.544271 0.232422 0.544271 0.233398 0.545573 0.241211 0.545573 0.242188 0.544271 0.248047 0.544271 0.249023 0.542969 0.25 0.542969 0.250977 0.541667 0.25293 0.541667 0.253906 0.540365 0.254883 0.540365 0.255859 0.539062 0.256836 0.539062 0.258789 0.536458 0.258789 0.52474 0.256836 0.522135 0.256836 0.520833 0.25293 0.515625 0.25293 0.514323 0.24707 0.50651 0.246094 0.50651 0.243164 0.502604 0.242188 0.502604 0.240234 0.5 0.239258 0.5 0.238281 0.498698 0.237305 0.498698 0.235352 0.496094 0.233398 0.496094 0.232422 0.494792 0.230469 0.494792 0.229492 0.49349 0.226562 0.49349 0.225586 0.492188 0.224609 0.492188 0.223633 0.490885 0.222656 0.490885 0.21875 0.485677 0.217773 0.485677 0.216797 0.484375 0.21582 0.484375 0.210938 0.490885 0.209961 0.490885 0.208984 0.492188 0.207031 0.492188 0.206055 0.490885 0.205078 0.490885 0.204102 0.489583 0.203125 0.489583 0.202148 0.488281 0.201172 0.488281 0.200195 0.486979 0.198242 0.486979 0.197266 0.485677 0.196289 0.485677 0.193359 0.481771 0.192383 0.481771 0.186523 0.473958 0.186523 0.472656 0.185547 0.471354 0.18457 0.471354 0.181641 0.467448
0 0.283203 0.460938 0.283203 0.471354 0.28418 0.472656 0.28418 0.477865 0.283203 0.479167 0.283203 0.483073 0.282227 0.484375 0.282227 0.485677 0.277344 0.492188 0.276367 0.492188 0.276367 0.503906 0.282227 0.503906 0.283203 0.505208 0.283203 0.507812 0.28418 0.509115 0.28418 0.510417 0.285156 0.511719 0.285156 0.513021 0.286133 0.514323 0.286133 0.519531 0.287109 0.520833 0.287109 0.523438 0.289062 0.526042 0.289062 0.527344 0.290039 0.528646 0.290039 0.529948 0.292969 0.533854 0.292969 0.535156 0.293945 0.536458 0.294922 0.536458 0.295898 0.53776 0.296875 0.53776 0.298828 0.540365 0.307617 0.540365 0.308594 0.539062 0.30957 0.539062 0.311523 0.536458 0.3125 0.536458 0.316406 0.53125 0.316406 0.529948 0.317383 0.528646 0.317383 0.527344 0.318359 0.526042 0.318359 0.514323 0.317383 0.513021 0.317383 0.510417 0.316406 0.509115 0.316406 0.507812 0.31543 0.50651 0.31543 0.505208 0.314453 0.503906 0.314453 0.502604 0.3125 0.5 0.3125 0.498698 0.30957 0.494792 0.30957 0.49349 0.307617 0.490885 0.306641 0.490885 0.303711 0.486979 0.302734 0.486979 0.301758 0.485677 0.294922 0.485677 0.290039 0.479167 0.290039 0.476562 0.289062 0.47526 0.289062 0.472656 0.288086 0.471354 0.288086 0.46875 0.287109 0.467448 0.287109 0.464844 0.286133 0.463542 0.286133 0.46224 0.285156 0.460938
0 0.178711 0.467448 0.178711 0.472656 0.179688 0.473958 0.179688 0.476562 0.180664 0.477865 0.180664 0.489583 0.179688 0.490885 0.179688 0.492188 0.176758 0.496094 0.175781 0.496094 0.172852 0.5 0.171875 0.5 0.170898 0.501302 0.170898 0.507812 0.173828 0.507812 0.174805 0.509115 0.191406 0.509115 0.192383 0.510417 0.194336 0.510417 0.196289 0.513021 0.197266 0.513021 0.198242 0.514323 0.198242 0.522135 0.199219 0.522135 0.203125 0.527344 0.204102 0.527344 0.205078 0.528646 0.206055 0.528646 0.207031 0.529948 0.208008 0.529948 0.208984 0.53125 0.209961 0.53125 0.210938 0.532552 0.211914 0.532552 0.212891 0.533854 0.213867 0.533854 0.214844 0.535156 0.21582 0.535156 0.216797 0.536458 0.217773 0.536458 0.21875 0.53776 0.219727 0.53776 0.22168 0.540365 0.222656 0.540365 0.223633 0.541667 0.226562 0.541667 0.227539 0.542969 0.228516 0.542969 0.229492 0.544271 0.232422 0.544271 0.233398 0.545573 0.241211 0.545573 0.242188 0.544271 0.248047 0.544271 0.249023 0.542969 0.25 0.542969 0.250977 0.541667 0.25293 0.541667 0.253906 0.540365 0.254883 0.540365 0.255859 0.539062 0.256836 0.539062 0.258789 0.536458 0.258789 0.52474 0.256836 0.522135 0.256836 0.520833 0.25293 0.515625 0.25293 0.514323 0.24707 0.50651 0.246094 0.50651 0.243164 0.502604 0.242188 0.502604 0.240234 0.5 0.239258 0.5 0.238281 0.498698 0.237305 0.498698 0.235352 0.496094 0.233398 0.496094 0.232422 0.494792 0.230469 0.494792 0.229492 0.49349 0.226562 0.49349 0.225586 0.492188 0.224609 0.492188 0.223633 0.490885 0.222656 0.490885 0.21875 0.485677 0.217773 0.485677 0.216797 0.484375 0.21582 0.484375 0.210938 0.490885 0.209961 0.490885 0.208984 0.492188 0.207031 0.492188 0.206055 0.490885 0.205078 0.490885 0.204102 0.489583 0.203125 0.489583 0.202148 0.488281 0.201172 0.488281 0.200195 0.486979 0.198242 0.486979 0.197266 0.485677 0.196289 0.485677 0.193359 0.481771 0.192383 0.481771 0.186523 0.473958 0.186523 0.472656 0.185547 0.471354 0.18457 0.471354 0.181641 0.467448
0 0.283203 0.460938 0.283203 0.471354 0.28418 0.472656 0.28418 0.477865 0.283203 0.479167 0.283203 0.483073 0.282227 0.484375 0.282227 0.485677 0.277344 0.492188 0.276367 0.492188 0.276367 0.503906 0.282227 0.503906 0.283203 0.505208 0.283203 0.507812 0.28418 0.509115 0.28418 0.510417 0.285156 0.511719 0.285156 0.513021 0.286133 0.514323 0.286133 0.519531 0.287109 0.520833 0.287109 0.523438 0.289062 0.526042 0.289062 0.527344 0.290039 0.528646 0.290039 0.529948 0.292969 0.533854 0.292969 0.535156 0.293945 0.536458 0.294922 0.536458 0.295898 0.53776 0.296875 0.53776 0.298828 0.540365 0.307617 0.540365 0.308594 0.539062 0.30957 0.539062 0.311523 0.536458 0.3125 0.536458 0.316406 0.53125 0.316406 0.529948 0.317383 0.528646 0.317383 0.527344 0.318359 0.526042 0.318359 0.514323 0.317383 0.513021 0.317383 0.510417 0.316406 0.509115 0.316406 0.507812 0.31543 0.50651 0.31543 0.505208 0.314453 0.503906 0.314453 0.502604 0.3125 0.5 0.3125 0.498698 0.30957 0.494792 0.30957 0.49349 0.307617 0.490885 0.306641 0.490885 0.303711 0.486979 0.302734 0.486979 0.301758 0.485677 0.294922 0.485677 0.290039 0.479167 0.290039 0.476562 0.289062 0.47526 0.289062 0.472656 0.288086 0.471354 0.288086 0.46875 0.287109 0.467448 0.287109 0.464844 0.286133 0.463542 0.286133 0.46224 0.285156 0.460938
0 0.178711 0.467448 0.178711 0.472656 0.179688 0.473958 0.179688 0.476562 0.180664 0.477865 0.180664 0.489583 0.179688 0.490885 0.179688 0.492188 0.176758 0.496094 0.175781 0.496094 0.172852 0.5 0.171875 0.5 0.170898 0.501302 0.170898 0.507812 0.173828 0.507812 0.174805 0.509115 0.191406 0.509115 0.192383 0.510417 0.194336 0.510417 0.196289 0.513021 0.197266 0.513021 0.198242 0.514323 0.198242 0.522135 0.199219 0.522135 0.203125 0.527344 0.204102 0.527344 0.205078 0.528646 0.206055 0.528646 0.207031 0.529948 0.208008 0.529948 0.208984 0.53125 0.209961 0.53125 0.210938 0.532552 0.211914 0.532552 0.212891 0.533854 0.213867 0.533854 0.214844 0.535156 0.21582 0.535156 0.216797 0.536458 0.217773 0.536458 0.21875 0.53776 0.219727 0.53776 0.22168 0.540365 0.222656 0.540365 0.223633 0.541667 0.226562 0.541667 0.227539 0.542969 0.228516 0.542969 0.229492 0.544271 0.232422 0.544271 0.233398 0.545573 0.241211 0.545573 0.242188 0.544271 0.248047 0.544271 0.249023 0.542969 0.25 0.542969 0.250977 0.541667 0.25293 0.541667 0.253906 0.540365 0.254883 0.540365 0.255859 0.539062 0.256836 0.539062 0.258789 0.536458 0.258789 0.52474 0.256836 0.522135 0.256836 0.520833 0.25293 0.515625 0.25293 0.514323 0.24707 0.50651 0.246094 0.50651 0.243164 0.502604 0.242188 0.502604 0.240234 0.5 0.239258 0.5 0.238281 0.498698 0.237305 0.498698 0.235352 0.496094 0.233398 0.496094 0.232422 0.494792 0.230469 0.494792 0.229492 0.49349 0.226562 0.49349 0.225586 0.492188 0.224609 0.492188 0.223633 0.490885 0.222656 0.490885 0.21875 0.485677 0.217773 0.485677 0.216797 0.484375 0.21582 0.484375 0.210938 0.490885 0.209961 0.490885 0.208984 0.492188 0.207031 0.492188 0.206055 0.490885 0.205078 0.490885 0.204102 0.489583 0.203125 0.489583 0.202148 0.488281 0.201172 0.488281 0.200195 0.486979 0.198242 0.486979 0.197266 0.485677 0.196289 0.485677 0.193359 0.481771 0.192383 0.481771 0.186523 0.473958 0.186523 0.472656 0.185547 0.471354 0.18457 0.471354 0.181641 0.467448
0 0.283203 0.460938 0.283203 0.471354 0.28418 0.472656 0.28418 0.477865 0.283203 0.479167 0.283203 0.483073 0.282227 0.484375 0.282227 0.485677 0.277344 0.492188 0.276367 0.492188 0.276367 0.503906 0.282227 0.503906 0.283203 0.505208 0.283203 0.507812 0.28418 0.509115 0.28418 0.510417 0.285156 0.511719 0.285156 0.513021 0.286133 0.514323 0.286133 0.519531 0.287109 0.520833 0.287109 0.523438 0.289062 0.526042 0.289062 0.527344 0.290039 0.528646 0.290039 0.529948 0.292969 0.533854 0.292969 0.535156 0.293945 0.536458 0.294922 0.536458 0.295898 0.53776 0.296875 0.53776 0.298828 0.540365 0.307617 0.540365 0.308594 0.539062 0.30957 0.539062 0.311523 0.536458 0.3125 0.536458 0.316406 0.53125 0.316406 0.529948 0.317383 0.528646 0.317383 0.527344 0.318359 0.526042 0.318359 0.514323 0.317383 0.513021 0.317383 0.510417 0.316406 0.509115 0.316406 0.507812 0.31543 0.50651 0.31543 0.505208 0.314453 0.503906 0.314453 0.502604 0.3125 0.5 0.3125 0.498698 0.30957 0.494792 0.30957 0.49349 0.307617 0.490885 0.306641 0.490885 0.303711 0.486979 0.302734 0.486979 0.301758 0.485677 0.294922 0.485677 0.290039 0.479167 0.290039 0.476562 0.289062 0.47526 0.289062 0.472656 0.288086 0.471354 0.288086 0.46875 0.287109 0.467448 0.287109 0.464844 0.286133 0.463542 0.286133 0.46224 0.285156 0.460938
0 0.178711 0.467448 0.178711 0.472656 0.179688 0.473958 0.179688 0.476562 0.180664 0.477865 0.180664 0.489583 0.179688 0.490885 0.179688 0.492188 0.176758 0.496094 0.175781 0.496094 0.172852 0.5 0.171875 0.5 0.170898 0.501302 0.170898 0.507812 0.173828 0.507812 0.174805 0.509115 0.191406 0.509115 0.192383 0.510417 0.194336 0.510417 0.196289 0.513021 0.197266 0.513021 0.198242 0.514323 0.198242 0.522135 0.199219 0.522135 0.203125 0.527344 0.204102 0.527344 0.205078 0.528646 0.206055 0.528646 0.207031 0.529948 0.208008 0.529948 0.208984 0.53125 0.209961 0.53125 0.210938 0.532552 0.211914 0.532552 0.212891 0.533854 0.213867 0.533854 0.214844 0.535156 0.21582 0.535156 0.216797 0.536458 0.217773 0.536458 0.21875 0.53776 0.219727 0.53776 0.22168 0.540365 0.222656 0.540365 0.223633 0.541667 0.226562 0.541667 0.227539 0.542969 0.228516 0.542969 0.229492 0.544271 0.232422 0.544271 0.233398 0.545573 0.241211 0.545573 0.242188 0.544271 0.248047 0.544271 0.249023 0.542969 0.25 0.542969 0.250977 0.541667 0.25293 0.541667 0.253906 0.540365 0.254883 0.540365 0.255859 0.539062 0.256836 0.539062 0.258789 0.536458 0.258789 0.52474 0.256836 0.522135 0.256836 0.520833 0.25293 0.515625 0.25293 0.514323 0.24707 0.50651 0.246094 0.50651 0.243164 0.502604 0.242188 0.502604 0.240234 0.5 0.239258 0.5 0.238281 0.498698 0.237305 0.498698 0.235352 0.496094 0.233398 0.496094 0.232422 0.494792 0.230469 0.494792 0.229492 0.49349 0.226562 0.49349 0.225586 0.492188 0.224609 0.492188 0.223633 0.490885 0.222656 0.490885 0.21875 0.485677 0.217773 0.485677 0.216797 0.484375 0.21582 0.484375 0.210938 0.490885 0.209961 0.490885 0.208984 0.492188 0.207031 0.492188 0.206055 0.490885 0.205078 0.490885 0.204102 0.489583 0.203125 0.489583 0.202148 0.488281 0.201172 0.488281 0.200195 0.486979 0.198242 0.486979 0.197266 0.485677 0.196289 0.485677 0.193359 0.481771 0.192383 0.481771 0.186523 0.473958 0.186523 0.472656 0.185547 0.471354 0.18457 0.471354 0.181641 0.467448
0 0.283203 0.460938 0.283203 0.471354 0.28418 0.472656 0.28418 0.477865 0.283203 0.479167 0.283203 0.483073 0.282227 0.484375 0.282227 0.485677 0.277344 0.492188 0.276367 0.492188 0.276367 0.503906 0.282227 0.503906 0.283203 0.505208 0.283203 0.507812 0.28418 0.509115 0.28418 0.510417 0.285156 0.511719 0.285156 0.513021 0.286133 0.514323 0.286133 0.519531 0.287109 0.520833 0.287109 0.523438 0.289062 0.526042 0.289062 0.527344 0.290039 0.528646 0.290039 0.529948 0.292969 0.533854 0.292969 0.535156 0.293945 0.536458 0.294922 0.536458 0.295898 0.53776 0.296875 0.53776 0.298828 0.540365 0.307617 0.540365 0.308594 0.539062 0.30957 0.539062 0.311523 0.536458 0.3125 0.536458 0.316406 0.53125 0.316406 0.529948 0.317383 0.528646 0.317383 0.527344 0.318359 0.526042 0.318359 0.514323 0.317383 0.513021 0.317383 0.510417 0.316406 0.509115 0.316406 0.507812 0.31543 0.50651 0.31543 0.505208 0.314453 0.503906 0.314453 0.502604 0.3125 0.5 0.3125 0.498698 0.30957 0.494792 0.30957 0.49349 0.307617 0.490885 0.306641 0.490885 0.303711 0.486979 0.302734 0.486979 0.301758 0.485677 0.294922 0.485677 0.290039 0.479167 0.290039 0.476562 0.289062 0.47526 0.289062 0.472656 0.288086 0.471354 0.288086 0.46875 0.287109 0.467448 0.287109 0.464844 0.286133 0.463542 0.286133 0.46224 0.285156 0.460938
0 0.178711 0.467448 0.178711 0.472656 0.179688 0.473958 0.179688 0.476562 0.180664 0.477865 0.180664 0.489583 0.179688 0.490885 0.179688 0.492188 0.176758 0.496094 0.175781 0.496094 0.172852 0.5 0.171875 0.5 0.170898 0.501302 0.170898 0.507812 0.173828 0.507812 0.174805 0.509115 0.191406 0.509115 0.192383 0.510417 0.194336 0.510417 0.196289 0.513021 0.197266 0.513021 0.198242 0.514323 0.198242 0.522135 0.199219 0.522135 0.203125 0.527344 0.204102 0.527344 0.205078 0.528646 0.206055 0.528646 0.207031 0.529948 0.208008 0.529948 0.208984 0.53125 0.209961 0.53125 0.210938 0.532552 0.211914 0.532552 0.212891 0.533854 0.213867 0.533854 0.214844 0.535156 0.21582 0.535156 0.216797 0.536458 0.217773 0.536458 0.21875 0.53776 0.219727 0.53776 0.22168 0.540365 0.222656 0.540365 0.223633 0.541667 0.226562 0.541667 0.227539 0.542969 0.228516 0.542969 0.229492 0.544271 0.232422 0.544271 0.233398 0.545573 0.241211 0.545573 0.242188 0.544271 0.248047 0.544271 0.249023 0.542969 0.25 0.542969 0.250977 0.541667 0.25293 0.541667 0.253906 0.540365 0.254883 0.540365 0.255859 0.539062 0.256836 0.539062 0.258789 0.536458 0.258789 0.52474 0.256836 0.522135 0.256836 0.520833 0.25293 0.515625 0.25293 0.514323 0.24707 0.50651 0.246094 0.50651 0.243164 0.502604 0.242188 0.502604 0.240234 0.5 0.239258 0.5 0.238281 0.498698 0.237305 0.498698 0.235352 0.496094 0.233398 0.496094 0.232422 0.494792 0.230469 0.494792 0.229492 0.49349 0.226562 0.49349 0.225586 0.492188 0.224609 0.492188 0.223633 0.490885 0.222656 0.490885 0.21875 0.485677 0.217773 0.485677 0.216797 0.484375 0.21582 0.484375 0.210938 0.490885 0.209961 0.490885 0.208984 0.492188 0.207031 0.492188 0.206055 0.490885 0.205078 0.490885 0.204102 0.489583 0.203125 0.489583 0.202148 0.488281 0.201172 0.488281 0.200195 0.486979 0.198242 0.486979 0.197266 0.485677 0.196289 0.485677 0.193359 0.481771 0.192383 0.481771 0.186523 0.473958 0.186523 0.472656 0.185547 0.471354 0.18457 0.471354 0.181641 0.467448
0 0.283203 0.460938 0.283203 0.471354 0.28418 0.472656 0.28418 0.477865 0.283203 0.479167 0.283203 0.483073 0.282227 0.484375 0.282227 0.485677 0.277344 0.492188 0.276367 0.492188 0.276367 0.503906 0.282227 0.503906 0.283203 0.505208 0.283203 0.507812 0.28418 0.509115 0.28418 0.510417 0.285156 0.511719 0.285156 0.513021 0.286133 0.514323 0.286133 0.519531 0.287109 0.520833 0.287109 0.523438 0.289062 0.526042 0.289062 0.527344 0.290039 0.528646 0.290039 0.529948 0.292969 0.533854 0.292969 0.535156 0.293945 0.536458 0.294922 0.536458 0.295898 0.53776 0.296875 0.53776 0.298828 0.540365 0.307617 0.540365 0.308594 0.539062 0.30957 0.539062 0.311523 0.536458 0.3125 0.536458 0.316406 0.53125 0.316406 0.529948 0.317383 0.528646 0.317383 0.527344 0.318359 0.526042 0.318359 0.514323 0.317383 0.513021 0.317383 0.510417 0.316406 0.509115 0.316406 0.507812 0.31543 0.50651 0.31543 0.505208 0.314453 0.503906 0.314453 0.502604 0.3125 0.5 0.3125 0.498698 0.30957 0.494792 0.30957 0.49349 0.307617 0.490885 0.306641 0.490885 0.303711 0.486979 0.302734 0.486979 0.301758 0.485677 0.294922 0.485677 0.290039 0.479167 0.290039 0.476562 0.289062 0.47526 0.289062 0.472656 0.288086 0.471354 0.288086 0.46875 0.287109 0.467448 0.287109 0.464844 0.286133 0.463542 0.286133 0.46224 0.285156 0.460938
