0 0.470703 0.5 0.470703 0.514323 0.47168 0.514323 0.479492 0.52474 0.479492 0.526042 0.482422 0.529948 0.482422 0.532552 0.483398 0.53125 0.485352 0.53125 0.486328 0.532552 0.487305 0.532552 0.489258 0.535156 0.490234 0.535156 0.491211 0.536458 0.492188 0.536458 0.498047 0.544271 0.498047 0.545573 0.499023 0.546875 0.499023 0.549479 0.5 0.550781 0.5 0.55599 0.501953 0.55599 0.50293 0.557292 0.515625 0.557292 0.516602 0.558594 0.517578 0.557292 0.527344 0.557292 0.52832 0.55599 0.529297 0.55599 0.530273 0.554688 0.53125 0.554688 0.532227 0.553385 0.533203 0.553385 0.53418 0.552083 0.53418 0.550781 0.535156 0.549479 0.535156 0.546875 0.533203 0.544271 0.533203 0.542969 0.532227 0.541667 0.532227 0.540365 0.529297 0.536458 0.529297 0.535156 0.52832 0.535156 0.526367 0.532552 0.526367 0.53125 0.525391 0.53125 0.518555 0.522135 0.517578 0.522135 0.513672 0.516927 0.512695 0.516927 0.509766 0.513021 0.508789 0.513021 0.507812 0.511719 0.506836 0.511719 0.505859 0.510417 0.501953 0.510417 0.500977 0.509115 0.499023 0.509115 0.498047 0.507812 0.496094 0.507812 0.495117 0.50651 0.494141 0.50651 0.493164 0.505208 0.489258 0.505208 0.488281 0.503906 0.487305 0.503906 0.486328 0.502604 0.484375 0.502604 0.482422 0.5
0 0.582031 0.481771 0.582031 0.483073 0.581055 0.484375 0.581055 0.488281 0.580078 0.489583 0.580078 0.494792 0.579102 0.496094 0.579102 0.502604 0.578125 0.503906 0.578125 0.523438 0.577148 0.52474 0.577148 0.527344 0.573242 0.532552 0.573242 0.533854 0.571289 0.536458 0.571289 0.53776 0.569336 0.540365 0.568359 0.540365 0.566406 0.542969 0.563477 0.542969 0.5625 0.541667 0.560547 0.541667 0.55957 0.542969 0.55957 0.544271 0.558594 0.545573 0.557617 0.545573 0.557617 0.546875 0.556641 0.548177 0.556641 0.549479 0.552734 0.554688 0.552734 0.55599 0.549805 0.559896 0.548828 0.559896 0.545898 0.563802 0.545898 0.570312 0.561523 0.570312 0.5625 0.571615 0.564453 0.571615 0.56543 0.570312 0.569336 0.570312 0.570312 0.571615 0.580078 0.571615 0.581055 0.570312 0.582031 0.570312 0.583008 0.56901 0.583984 0.56901 0.587891 0.563802 0.588867 0.563802 0.591797 0.559896 0.59375 0.559896 0.59668 0.55599 0.59668 0.549479 0.595703 0.548177 0.595703 0.546875 0.59668 0.545573 0.59668 0.542969 0.597656 0.541667 0.597656 0.535156 0.598633 0.533854 0.598633 0.53125 0.599609 0.529948 0.599609 0.527344 0.600586 0.526042 0.600586 0.523438 0.601562 0.522135 0.601562 0.49349 0.59668 0.49349 0.595703 0.492188 0.594727 0.492188 0.591797 0.488281 0.59082 0.488281 0.589844 0.486979 0.589844 0.485677 0.586914 0.481771
0 0.470703 0.5 0.470703 0.514323 0.47168 0.514323 0.479492 0.52474 0.479492 0.526042 0.482422 0.529948 0.482422 0.532552 0.483398 0.53125 0.485352 0.53125 0.486328 0.532552 0.487305 0.532552 0.489258 0.535156 0.490234 0.535156 0.491211 0.536458 0.492188 0.536458 0.498047 0.544271 0.498047 0.545573 0.499023 0.546875 0.499023 0.549479 0.5 0.550781 0.5 0.55599 0.501953 0.55599 0.50293 0.557292 0.515625 0.557292 0.516602 0.558594 0.517578 0.557292 0.527344 0.557292 0.52832 0.55599 0.529297 0.55599 0.530273 0.554688 0.53125 0.554688 0.532227 0.553385 0.533203 0.553385 0.53418 0.552083 0.53418 0.550781 0.535156 0.549479 0.535156 0.546875 0.533203 0.544271 0.533203 0.542969 0.532227 0.541667 0.532227 0.540365 0.529297 0.536458 0.529297 0.535156 0.52832 0.535156 0.526367 0.532552 0.526367 0.53125 0.525391 0.53125 0.518555 0.522135 0.517578 0.522135 0.513672 0.516927 0.512695 0.516927 0.509766 0.513021 0.508789 0.513021 0.507812 0.511719 0.506836 0.511719 0.505859 0.510417 0.501953 0.510417 0.500977 0.509115 0.499023 0.509115 0.498047 0.507812 0.496094 0.507812 0.495117 0.50651 0.494141 0.50651 0.493164 0.505208 0.489258 0.505208 0.488281 0.503906 0.487305 0.503906 0.486328 0.502604 0.484375 0.502604 0.482422 0.5
0 0.582031 0.481771 0.582031 0.483073 0.581055 0.484375 0.581055 0.488281 0.580078 0.489583 0.580078 0.494792 0.579102 0.496094 0.579102 0.502604 0.578125 0.503906 0.578125 0.523438 0.577148 0.52474 0.577148 0.527344 0.573242 0.532552 0.573242 0.533854 0.571289 0.536458 0.571289 0.53776 0.569336 0.540365 0.568359 0.540365 0.566406 0.542969 0.563477 0.542969 0.5625 0.541667 0.560547 0.541667 0.55957 0.542969 0.55957 0.544271 0.558594 0.545573 0.557617 0.545573 0.557617 0.546875 0.556641 0.548177 0.556641 0.549479 0.552734 0.554688 0.552734 0.55599 0.549805 0.559896 0.548828 0.559896 0.545898 0.563802 0.545898 0.570312 0.561523 0.570312 0.5625 0.571615 0.564453 0.571615 0.56543 0.570312 0.569336 0.570312 0.570312 0.571615 0.580078 0.571615 0.581055 0.570312 0.582031 0.570312 0.583008 0.56901 0.583984 0.56901 0.587891 0.563802 0.588867 0.563802 0.591797 0.559896 0.59375 0.559896 0.59668 0.55599 0.59668 0.549479 0.595703 0.548177 0.595703 0.546875 0.59668 0.545573 0.59668 0.542969 0.597656 0.541667 0.597656 0.535156 0.598633 0.533854 0.598633 0.53125 0.599609 0.529948 0.599609 0.527344 0.600586 0.526042 0.600586 0.523438 0.601562 0.522135 0.601562 0.49349 0.59668 0.49349 0.595703 0.492188 0.594727 0.492188 0.591797 0.488281 0.59082 0.488281 0.589844 0.486979 0.589844 0.485677 0.586914 0.481771
0 0.470703 0.5 0.470703 0.514323 0.47168 0.514323 0.479492 0.52474 0.479492 0.526042 0.482422 0.529948 0.482422 0.532552 0.483398 0.53125 0.485352 0.53125 0.486328 0.532552 0.487305 0.532552 0.489258 0.535156 0.490234 0.535156 0.491211 0.536458 0.492188 0.536458 0.498047 0.544271 0.498047 0.545573 0.499023 0.546875 0.499023 0.549479 0.5 0.550781 0.5 0.55599 0.501953 0.55599 0.50293 0.557292 0.515625 0.557292 0.516602 0.558594 0.517578 0.557292 0.527344 0.557292 0.52832 0.55599 0.529297 0.55599 0.530273 0.554688 0.53125 0.554688 0.532227 0.553385 0.533203 0.553385 0.53418 0.552083 0.53418 0.550781 0.535156 0.549479 0.535156 0.546875 0.533203 0.544271 0.533203 0.542969 0.532227 0.541667 0.532227 0.540365 0.529297 0.536458 0.529297 0.535156 0.52832 0.535156 0.526367 0.532552 0.526367 0.53125 0.525391 0.53125 0.518555 0.522135 0.517578 0.522135 0.513672 0.516927 0.512695 0.516927 0.509766 0.513021 0.508789 0.513021 0.507812 0.511719 0.506836 0.511719 0.505859 0.510417 0.501953 0.510417 0.500977 0.509115 0.499023 0.509115 0.498047 0.507812 0.496094 0.507812 0.495117 0.50651 0.494141 0.50651 0.493164 0.505208 0.489258 0.505208 0.488281 0.503906 0.487305 0.503906 0.486328 0.502604 0.484375 0.502604 0.482422 0.5
0 0.582031 0.481771 0.582031 0.483073 0.581055 0.484375 0.581055 0.488281 0.580078 0.489583 0.580078 0.494792 0.579102 0.496094 0.579102 0.502604 0.578125 0.503906 0.578125 0.523438 0.577148 0.52474 0.577148 0.527344 0.573242 0.532552 0.573242 0.533854 0.571289 0.536458 0.571289 0.53776 0.569336 0.540365 0.568359 0.540365 0.566406 0.542969 0.563477 0.542969 0.5625 0.541667 0.560547 0.541667 0.55957 0.542969 0.55957 0.544271 0.558594 0.545573 0.557617 0.545573 0.557617 0.546875 0.556641 0.548177 0.556641 0.549479 0.552734 0.554688 0.552734 0.55599 0.549805 0.559896 0.548828 0.559896 0.545898 0.563802 0.545898 0.570312 0.561523 0.570312 0.5625 0.571615 0.564453 0.571615 0.56543 0.570312 0.569336 0.570312 0.570312 0.571615 0.580078 0.571615 0.581055 0.570312 0.582031 0.570312 0.583008 0.56901 0.583984 0.56901 0.587891 0.563802 0.588867 0.563802 0.591797 0.559896 0.59375 0.559896 0.59668 0.55599 0.59668 0.549479 0.595703 0.548177 0.595703 0.546875 0.59668 0.545573 0.59668 0.542969 0.597656 0.541667 0.597656 0.535156 0.598633 0.533854 0.598633 0.53125 0.599609 0.529948 0.599609 0.527344 0.600586 0.526042 0.600586 0.523438 0.601562 0.522135 0.601562 0.49349 0.59668 0.49349 0.595703 0.492188 0.594727 0.492188 0.591797 0.488281 0.59082 0.488281 0.589844 0.486979 0.589844 0.485677 0.586914 0.481771
0 0.470703 0.5 0.470703 0.514323 0.47168 0.514323 0.479492 0.52474 0.479492 0.526042 0.482422 0.529948 0.482422 0.532552 0.483398 0.53125 0.485352 0.53125 0.486328 0.532552 0.487305 0.532552 0.489258 0.535156 0.490234 0.535156 0.491211 0.536458 0.492188 0.536458 0.498047 0.544271 0.498047 0.545573 0.499023 0.546875 0.499023 0.549479 0.5 0.550781 0.5 0.55599 0.501953 0.55599 0.50293 0.557292 0.515625 0.557292 0.516602 0.558594 0.517578 0.557292 0.527344 0.557292 0.52832 0.55599 0.529297 0.55599 0.530273 0.554688 0.53125 0.554688 0.532227 0.553385 0.533203 0.553385 0.53418 0.552083 0.53418 0.550781 0.535156 0.549479 0.535156 0.546875 0.533203 0.544271 0.533203 0.542969 0.532227 0.541667 0.532227 0.540365 0.529297 0.536458 0.529297 0.535156 0.52832 0.535156 0.526367 0.532552 0.526367 0.53125 0.525391 0.53125 0.518555 0.522135 0.517578 0.522135 0.513672 0.516927 0.512695 0.516927 0.509766 0.513021 0.508789 0.513021 0.507812 0.511719 0.506836 0.511719 0.505859 0.510417 0.501953 0.510417 0.500977 0.509115 0.499023 0.509115 0.498047 0.507812 0.496094 0.507812 0.495117 0.50651 0.494141 0.50651 0.493164 0.505208 0.489258 0.505208 0.488281 0.503906 0.487305 0.503906 0.486328 0.502604 0.484375 0.502604 0.482422 0.5
0 0.582031 0.481771 0.582031 0.483073 0.581055 0.484375 0.581055 0.488281 0.580078 0.489583 0.580078 0.494792 0.579102 0.496094 0.579102 0.502604 0.578125 0.503906 0.578125 0.523438 0.577148 0.52474 0.577148 0.527344 0.573242 0.532552 0.573242 0.533854 0.571289 0.536458 0.571289 0.53776 0.569336 0.540365 0.568359 0.540365 0.566406 0.542969 0.563477 0.542969 0.5625 0.541667 0.560547 0.541667 0.55957 0.542969 0.55957 0.544271 0.558594 0.545573 0.557617 0.545573 0.557617 0.546875 0.556641 0.548177 0.556641 0.549479 0.552734 0.554688 0.552734 0.55599 0.549805 0.559896 0.548828 0.559896 0.545898 0.563802 0.545898 0.570312 0.561523 0.570312 0.5625 0.571615 0.564453 0.571615 0.56543 0.570312 0.569336 0.570312 0.570312 0.571615 0.580078 0.571615 0.581055 0.570312 0.582031 0.570312 0.583008 0.56901 0.583984 0.56901 0.587891 0.563802 0.588867 0.563802 0.591797 0.559896 0.59375 0.559896 0.59668 0.55599 0.59668 0.549479 0.595703 0.548177 0.595703 0.546875 0.59668 0.545573 0.59668 0.542969 0.597656 0.541667 0.597656 0.535156 0.598633 0.533854 0.598633 0.53125 0.599609 0.529948 0.599609 0.527344 0.600586 0.526042 0.600586 0.523438 0.601562 0.522135 0.601562 0.49349 0.59668 0.49349 0.595703 0.492188 0.594727 0.492188 0.591797 0.488281 0.59082 0.488281 0.589844 0.486979 0.589844 0.485677 0.586914 0.481771
0 0.470703 0.5 0.470703 0.514323 0.47168 0.514323 0.479492 0.52474 0.479492 0.526042 0.482422 0.529948 0.482422 0.532552 0.483398 0.53125 0.485352 0.53125 0.486328 0.532552 0.487305 0.532552 0.489258 0.535156 0.490234 0.535156 0.491211 0.536458 0.492188 0.536458 0.498047 0.544271 0.498047 0.545573 0.499023 0.546875 0.499023 0.549479 0.5 0.550781 0.5 0.55599 0.501953 0.55599 0.50293 0.557292 0.515625 0.557292 0.516602 0.558594 0.517578 0.557292 0.527344 0.557292 0.52832 0.55599 0.529297 0.55599 0.530273 0.554688 0.53125 0.554688 0.532227 0.553385 0.533203 0.553385 0.53418 0.552083 0.53418 0.550781 0.535156 0.549479 0.535156 0.546875 0.533203 0.544271 0.533203 0.542969 0.532227 0.541667 0.532227 0.540365 0.529297 0.536458 0.529297 0.535156 0.52832 0.535156 0.526367 0.532552 0.526367 0.53125 0.525391 0.53125 0.518555 0.522135 0.517578 0.522135 0.513672 0.516927 0.512695 0.516927 0.509766 0.513021 0.508789 0.513021 0.507812 0.511719 0.506836 0.511719 0.505859 0.510417 0.501953 0.510417 0.500977 0.509115 0.499023 0.509115 0.498047 0.507812 0.496094 0.507812 0.495117 0.50651 0.494141 0.50651 0.493164 0.505208 0.489258 0.505208 0.488281 0.503906 0.487305 0.503906 0.486328 0.502604 0.484375 0.502604 0.482422 0.5
0 0.582031 0.481771 0.582031 0.483073 0.581055 0.484375 0.581055 0.488281 0.580078 0.489583 0.580078 0.494792 0.579102 0.496094 0.579102 0.502604 0.578125 0.503906 0.578125 0.523438 0.577148 0.52474 0.577148 0.527344 0.573242 0.532552 0.573242 0.533854 0.571289 0.536458 0.571289 0.53776 0.569336 0.540365 0.568359 0.540365 0.566406 0.542969 0.563477 0.542969 0.5625 0.541667 0.560547 0.541667 0.55957 0.542969 0.55957 0.544271 0.558594 0.545573 0.557617 0.545573 0.557617 0.546875 0.556641 0.548177 0.556641 0.549479 0.552734 0.554688 0.552734 0.55599 0.549805 0.559896 0.548828 0.559896 0.545898 0.563802 0.545898 0.570312 0.561523 0.570312 0.5625 0.571615 0.564453 0.571615 0.56543 0.570312 0.569336 0.570312 0.570312 0.571615 0.580078 0.571615 0.581055 0.570312 0.582031 0.570312 0.583008 0.56901 0.583984 0.56901 0.587891 0.563802 0.588867 0.563802 0.591797 0.559896 0.59375 0.559896 0.59668 0.55599 0.59668 0.549479 0.595703 0.548177 0.595703 0.546875 0.59668 0.545573 0.59668 0.542969 0.597656 0.541667 0.597656 0.535156 0.598633 0.533854 0.598633 0.53125 0.599609 0.529948 0.599609 0.527344 0.600586 0.526042 0.600586 0.523438 0.601562 0.522135 0.601562 0.49349 0.59668 0.49349 0.595703 0.492188 0.594727 0.492188 0.591797 0.488281 0.59082 0.488281 0.589844 0.486979 0.589844 0.485677 0.586914 0.481771
0 0.470703 0.5 0.470703 0.514323 0.47168 0.514323 0.479492 0.52474 0.479492 0.526042 0.482422 0.529948 0.482422 0.532552 0.483398 0.53125 0.485352 0.53125 0.486328 0.532552 0.487305 0.532552 0.489258 0.535156 0.490234 0.535156 0.491211 0.536458 0.492188 0.536458 0.498047 0.544271 0.498047 0.545573 0.499023 0.546875 0.499023 0.549479 0.5 0.550781 0.5 0.55599 0.501953 0.55599 0.50293 0.557292 0.515625 0.557292 0.516602 0.558594 0.517578 0.557292 0.527344 0.557292 0.52832 0.55599 0.529297 0.55599 0.530273 0.554688 0.53125 0.554688 0.532227 0.553385 0.533203 0.553385 0.53418 0.552083 0.53418 0.550781 0.535156 0.549479 0.535156 0.546875 0.533203 0.544271 0.533203 0.542969 0.532227 0.541667 0.532227 0.540365 0.529297 0.536458 0.529297 0.535156 0.52832 0.535156 0.526367 0.532552 0.526367 0.53125 0.525391 0.53125 0.518555 0.522135 0.517578 0.522135 0.513672 0.516927 0.512695 0.516927 0.509766 0.513021 0.508789 0.513021 0.507812 0.511719 0.506836 0.511719 0.505859 0.510417 0.501953 0.510417 0.500977 0.509115 0.499023 0.509115 0.498047 0.507812 0.496094 0.507812 0.495117 0.50651 0.494141 0.50651 0.493164 0.505208 0.489258 0.505208 0.488281 0.503906 0.487305 0.503906 0.486328 0.502604 0.484375 0.502604 0.482422 0.5
0 0.582031 0.481771 0.582031 0.483073 0.581055 0.484375 0.581055 0.488281 0.580078 0.489583 0.580078 0.494792 0.579102 0.496094 0.579102 0.502604 0.578125 0.503906 0.578125 0.523438 0.577148 0.52474 0.577148 0.527344 0.573242 0.532552 0.573242 0.533854 0.571289 0.536458 0.571289 0.53776 0.569336 0.540365 0.568359 0.540365 0.566406 0.542969 0.563477 0.542969 0.5625 0.541667 0.560547 0.541667 0.55957 0.542969 0.55957 0.544271 0.558594 0.545573 0.557617 0.545573 0.557617 0.546875 0.556641 0.548177 0.556641 0.549479 0.552734 0.554688 0.552734 0.55599 0.549805 0.559896 0.548828 0.559896 0.545898 0.563802 0.545898 0.570312 0.561523 0.570312 0.5625 0.571615 0.564453 0.571615 0.56543 0.570312 0.569336 0.570312 0.570312 0.571615 0.580078 0.571615 0.581055 0.570312 0.582031 0.570312 0.583008 0.56901 0.583984 0.56901 0.587891 0.563802 0.588867 0.563802 0.591797 0.559896 0.59375 0.559896 0.59668 0.55599 0.59668 0.549479 0.595703 0.548177 0.595703 0.546875 0.59668 0.545573 0.59668 0.542969 0.597656 0.541667 0.597656 0.535156 0.598633 0.533854 0.598633 0.53125 0.599609 0.529948 0.599609 0.527344 0.600586 0.526042 0.600586 0.523438 0.601562 0.522135 0.601562 0.49349 0.59668 0.49349 0.595703 0.492188 0.594727 0.492188 0.591797 0.488281 0.59082 0.488281 0.589844 0.486979 0.589844 0.485677 0.586914 0.481771
0 0.470703 0.5 0.470703 0.514323 0.47168 0.514323 0.479492 0.52474 0.479492 0.526042 0.482422 0.529948 0.482422 0.532552 0.483398 0.53125 0.485352 0.53125 0.486328 0.532552 0.487305 0.532552 0.489258 0.535156 0.490234 0.535156 0.491211 0.536458 0.492188 0.536458 0.498047 0.544271 0.498047 0.545573 0.499023 0.546875 0.499023 0.549479 0.5 0.550781 0.5 0.55599 0.501953 0.55599 0.50293 0.557292 0.515625 0.557292 0.516602 0.558594 0.517578 0.557292 0.527344 0.557292 0.52832 0.55599 0.529297 0.55599 0.530273 0.554688 0.53125 0.554688 0.532227 0.553385 0.533203 0.553385 0.53418 0.552083 0.53418 0.550781 0.535156 0.549479 0.535156 0.546875 0.533203 0.544271 0.533203 0.542969 0.532227 0.541667 0.532227 0.540365 0.529297 0.536458 0.529297 0.535156 0.52832 0.535156 0.526367 0.532552 0.526367 0.53125 0.525391 0.53125 0.518555 0.522135 0.517578 0.522135 0.513672 0.516927 0.512695 0.516927 0.509766 0.513021 0.508789 0.513021 0.507812 0.511719 0.506836 0.511719 0.505859 0.510417 0.501953 0.510417 0.500977 0.509115 0.499023 0.509115 0.498047 0.507812 0.496094 0.507812 0.495117 0.50651 0.494141 0.50651 0.493164 0.505208 0.489258 0.505208 0.488281 0.503906 0.487305 0.503906 0.486328 0.502604 0.484375 0.502604 0.482422 0.5
0 0.582031 0.481771 0.582031 0.483073 0.581055 0.484375 0.581055 0.488281 0.580078 0.489583 0.580078 0.494792 0.579102 0.496094 0.579102 0.502604 0.578125 0.503906 0.578125 0.523438 0.577148 0.52474 0.577148 0.527344 0.573242 0.532552 0.573242 0.533854 0.571289 0.536458 0.571289 0.53776 0.569336 0.540365 0.568359 0.540365 0.566406 0.542969 0.563477 0.542969 0.5625 0.541667 0.560547 0.541667 0.55957 0.542969 0.55957 0.544271 0.558594 0.545573 0.557617 0.545573 0.557617 0.546875 0.556641 0.548177 0.556641 0.549479 0.552734 0.554688 0.552734 0.55599 0.549805 0.559896 0.548828 0.559896 0.545898 0.563802 0.545898 0.570312 0.561523 0.570312 0.5625 0.571615 0.564453 0.571615 0.56543 0.570312 0.569336 0.570312 0.570312 0.571615 0.580078 0.571615 0.581055 0.570312 0.582031 0.570312 0.583008 0.56901 0.583984 0.56901 0.587891 0.563802 0.588867 0.563802 0.591797 0.559896 0.59375 0.559896 0.59668 0.55599 0.59668 0.549479 0.595703 0.548177 0.595703 0.546875 0.59668 0.545573 0.59668 0.542969 0.597656 0.541667 0.597656 0.535156 0.598633 0.533854 0.598633 0.53125 0.599609 0.529948 0.599609 0.527344 0.600586 0.526042 0.600586 0.523438 0.601562 0.522135 0.601562 0.49349 0.59668 0.49349 0.595703 0.492188 0.594727 0.492188 0.591797 0.488281 0.59082 0.488281 0.589844 0.486979 0.589844 0.485677 0.586914 0.481771
