0 0.381836 0.0429688 0.381836 0.0598958 0.382812 0.0598958 0.383789 0.0611979 0.384766 0.0611979 0.385742 0.0625 0.386719 0.0625 0.388672 0.0651042 0.390625 0.0651042 0.391602 0.0664062 0.392578 0.0664062 0.393555 0.0677083 0.394531 0.0677083 0.395508 0.0690104 0.397461 0.0690104 0.398438 0.0703125 0.399414 0.0703125 0.400391 0.0716146 0.401367 0.0716146 0.402344 0.0729167 0.40332 0.0729167 0.404297 0.0742188 0.405273 0.0742188 0.40625 0.0755208 0.407227 0.0755208 0.408203 0.0768229 0.40918 0.0768229 0.410156 0.078125 0.411133 0.078125 0.412109 0.0794271 0.413086 0.0794271 0.414062 0.0807292 0.418945 0.0807292 0.419922 0.0820312 0.422852 0.0820312 0.423828 0.0833333 0.426758 0.0833333 0.427734 0.0846354 0.430664 0.0846354 0.431641 0.0859375 0.436523 0.0859375 0.4375 0.0872396 0.44043 0.0872396 0.442383 0.0898438 0.443359 0.0898438 0.448242 0.0963542 0.448242 0.0976562 0.450195 0.10026 0.450195 0.101562 0.451172 0.102865 0.451172 0.104167 0.453125 0.106771 0.456055 0.106771 0.457031 0.105469 0.457031 0.0989583 0.458008 0.0976562 0.458008 0.0911458 0.457031 0.0898438 0.457031 0.0885417 0.445312 0.0729167 0.445312 0.0716146 0.441406 0.0664062 0.44043 0.0664062 0.4375 0.0625 0.436523 0.0625 0.435547 0.0611979 0.43457 0.0611979 0.433594 0.0598958 0.432617 0.0598958 0.431641 0.0585938 0.430664 0.0585938 0.429688 0.0572917 0.428711 0.0572917 0.427734 0.0559896 0.426758 0.0559896 0.424805 0.0533854 0.423828 0.0533854 0.421875 0.0507812 0.420898 0.0507812 0.419922 0.0494792 0.418945 0.0494792 0.417969 0.0481771 0.416016 0.0481771 0.415039 0.046875 0.413086 0.046875 0.412109 0.0455729 0.410156 0.0455729 0.40918 0.0442708 0.405273 0.0442708 0.404297 0.0429688
0 0.455078 0.0455729 0.454102 0.046875 0.452148 0.046875 0.451172 0.0481771 0.451172 0.0559896 0.453125 0.0585938 0.453125 0.0598958 0.455078 0.0625 0.455078 0.0638021 0.456055 0.0638021 0.457031 0.0651042 0.458984 0.0651042 0.460938 0.0677083 0.461914 0.0677083 0.462891 0.0690104 0.46582 0.0690104 0.466797 0.0703125 0.470703 0.0703125 0.47168 0.0716146 0.499023 0.0716146 0.5 0.0703125 0.50293 0.0703125 0.503906 0.0690104 0.508789 0.0690104 0.509766 0.0677083 0.511719 0.0677083 0.511719 0.0664062 0.512695 0.0651042 0.512695 0.0598958 0.511719 0.0585938 0.510742 0.0585938 0.509766 0.0572917 0.508789 0.0572917 0.507812 0.0559896 0.506836 0.0559896 0.505859 0.0546875 0.503906 0.0546875 0.50293 0.0533854 0.5 0.0533854 0.499023 0.0520833 0.49707 0.0520833 0.496094 0.0507812 0.494141 0.0507812 0.493164 0.0494792 0.490234 0.0494792 0.489258 0.0481771 0.487305 0.0481771 0.486328 0.046875 0.483398 0.046875 0.482422 0.0455729
0 0.381836 0.0429688 0.381836 0.0598958 0.382812 0.0598958 0.383789 0.0611979 0.384766 0.0611979 0.385742 0.0625 0.386719 0.0625 0.388672 0.0651042 0.390625 0.0651042 0.391602 0.0664062 0.392578 0.0664062 0.393555 0.0677083 0.394531 0.0677083 0.395508 0.0690104 0.397461 0.0690104 0.398438 0.0703125 0.399414 0.0703125 0.400391 0.0716146 0.401367 0.0716146 0.402344 0.0729167 0.40332 0.0729167 0.404297 0.0742188 0.405273 0.0742188 0.40625 0.0755208 0.407227 0.0755208 0.408203 0.0768229 0.40918 0.0768229 0.410156 0.078125 0.411133 0.078125 0.412109 0.0794271 0.413086 0.0794271 0.414062 0.0807292 0.418945 0.0807292 0.419922 0.0820312 0.422852 0.0820312 0.423828 0.0833333 0.426758 0.0833333 0.427734 0.0846354 0.430664 0.0846354 0.431641 0.0859375 0.436523 0.0859375 0.4375 0.0872396 0.44043 0.0872396 0.442383 0.0898438 0.443359 0.0898438 0.448242 0.0963542 0.448242 0.0976562 0.450195 0.10026 0.450195 0.101562 0.451172 0.102865 0.451172 0.104167 0.453125 0.106771 0.456055 0.106771 0.457031 0.105469 0.457031 0.0989583 0.458008 0.0976562 0.458008 0.0911458 0.457031 0.0898438 0.457031 0.0885417 0.445312 0.0729167 0.445312 0.0716146 0.441406 0.0664062 0.44043 0.0664062 0.4375 0.0625 0.436523 0.0625 0.435547 0.0611979 0.43457 0.0611979 0.433594 0.0598958 0.432617 0.0598958 0.431641 0.0585938 0.430664 0.0585938 0.429688 0.0572917 0.428711 0.0572917 0.427734 0.0559896 0.426758 0.0559896 0.424805 0.0533854 0.423828 0.0533854 0.421875 0.0507812 0.420898 0.0507812 0.419922 0.0494792 0.418945 0.0494792 0.417969 0.0481771 0.416016 0.0481771 0.415039 0.046875 0.413086 0.046875 0.412109 0.0455729 0.410156 0.0455729 0.40918 0.0442708 0.405273 0.0442708 0.404297 0.0429688
0 0.455078 0.0455729 0.454102 0.046875 0.452148 0.046875 0.451172 0.0481771 0.451172 0.0559896 0.453125 0.0585938 0.453125 0.0598958 0.455078 0.0625 0.455078 0.0638021 0.456055 0.0638021 0.457031 0.0651042 0.458984 0.0651042 0.460938 0.0677083 0.461914 0.0677083 0.462891 0.0690104 0.46582 0.0690104 0.466797 0.0703125 0.470703 0.0703125 0.47168 0.0716146 0.499023 0.0716146 0.5 0.0703125 0.50293 0.0703125 0.503906 0.0690104 0.508789 0.0690104 0.509766 0.0677083 0.511719 0.0677083 0.511719 0.0664062 0.512695 0.0651042 0.512695 0.0598958 0.511719 0.0585938 0.510742 0.0585938 0.509766 0.0572917 0.508789 0.0572917 0.507812 0.0559896 0.506836 0.0559896 0.505859 0.0546875 0.503906 0.0546875 0.50293 0.0533854 0.5 0.0533854 0.499023 0.0520833 0.49707 0.0520833 0.496094 0.0507812 0.494141 0.0507812 0.493164 0.0494792 0.490234 0.0494792 0.489258 0.0481771 0.487305 0.0481771 0.486328 0.046875 0.483398 0.046875 0.482422 0.0455729
0 0.381836 0.0429688 0.381836 0.0598958 0.382812 0.0598958 0.383789 0.0611979 0.384766 0.0611979 0.385742 0.0625 0.386719 0.0625 0.388672 0.0651042 0.390625 0.0651042 0.391602 0.0664062 0.392578 0.0664062 0.393555 0.0677083 0.394531 0.0677083 0.395508 0.0690104 0.397461 0.0690104 0.398438 0.0703125 0.399414 0.0703125 0.400391 0.0716146 0.401367 0.0716146 0.402344 0.0729167 0.40332 0.0729167 0.404297 0.0742188 0.405273 0.0742188 0.40625 0.0755208 0.407227 0.0755208 0.408203 0.0768229 0.40918 0.0768229 0.410156 0.078125 0.411133 0.078125 0.412109 0.0794271 0.413086 0.0794271 0.414062 0.0807292 0.418945 0.0807292 0.419922 0.0820312 0.422852 0.0820312 0.423828 0.0833333 0.426758 0.0833333 0.427734 0.0846354 0.430664 0.0846354 0.431641 0.0859375 0.436523 0.0859375 0.4375 0.0872396 0.44043 0.0872396 0.442383 0.0898438 0.443359 0.0898438 0.448242 0.0963542 0.448242 0.0976562 0.450195 0.10026 0.450195 0.101562 0.451172 0.102865 0.451172 0.104167 0.453125 0.106771 0.456055 0.106771 0.457031 0.105469 0.457031 0.0989583 0.458008 0.0976562 0.458008 0.0911458 0.457031 0.0898438 0.457031 0.0885417 0.445312 0.0729167 0.445312 0.0716146 0.441406 0.0664062 0.44043 0.0664062 0.4375 0.0625 0.436523 0.0625 0.435547 0.0611979 0.43457 0.0611979 0.433594 0.0598958 0.432617 0.0598958 0.431641 0.0585938 0.430664 0.0585938 0.429688 0.0572917 0.428711 0.0572917 0.427734 0.0559896 0.426758 0.0559896 0.424805 0.0533854 0.423828 0.0533854 0.421875 0.0507812 0.420898 0.0507812 0.419922 0.0494792 0.418945 0.0494792 0.417969 0.0481771 0.416016 0.0481771 0.415039 0.046875 0.413086 0.046875 0.412109 0.0455729 0.410156 0.0455729 0.40918 0.0442708 0.405273 0.0442708 0.404297 0.0429688
0 0.455078 0.0455729 0.454102 0.046875 0.452148 0.046875 0.451172 0.0481771 0.451172 0.0559896 0.453125 0.0585938 0.453125 0.0598958 0.455078 0.0625 0.455078 0.0638021 0.456055 0.0638021 0.457031 0.0651042 0.458984 0.0651042 0.460938 0.0677083 0.461914 0.0677083 0.462891 0.0690104 0.46582 0.0690104 0.466797 0.0703125 0.470703 0.0703125 0.47168 0.0716146 0.499023 0.0716146 0.5 0.0703125 0.50293 0.0703125 0.503906 0.0690104 0.508789 0.0690104 0.509766 0.0677083 0.511719 0.0677083 0.511719 0.0664062 0.512695 0.0651042 0.512695 0.0598958 0.511719 0.0585938 0.510742 0.0585938 0.509766 0.0572917 0.508789 0.0572917 0.507812 0.0559896 0.506836 0.0559896 0.505859 0.0546875 0.503906 0.0546875 0.50293 0.0533854 0.5 0.0533854 0.499023 0.0520833 0.49707 0.0520833 0.496094 0.0507812 0.494141 0.0507812 0.493164 0.0494792 0.490234 0.0494792 0.489258 0.0481771 0.487305 0.0481771 0.486328 0.046875 0.483398 0.046875 0.482422 0.0455729
0 0.381836 0.0429688 0.381836 0.0598958 0.382812 0.0598958 0.383789 0.0611979 0.384766 0.0611979 0.385742 0.0625 0.386719 0.0625 0.388672 0.0651042 0.390625 0.0651042 0.391602 0.0664062 0.392578 0.0664062 0.393555 0.0677083 0.394531 0.0677083 0.395508 0.0690104 0.397461 0.0690104 0.398438 0.0703125 0.399414 0.0703125 0.400391 0.0716146 0.401367 0.0716146 0.402344 0.0729167 0.40332 0.0729167 0.404297 0.0742188 0.405273 0.0742188 0.40625 0.0755208 0.407227 0.0755208 0.408203 0.0768229 0.40918 0.0768229 0.410156 0.078125 0.411133 0.078125 0.412109 0.0794271 0.413086 0.0794271 0.414062 0.0807292 0.418945 0.0807292 0.419922 0.0820312 0.422852 0.0820312 0.423828 0.0833333 0.426758 0.0833333 0.427734 0.0846354 0.430664 0.0846354 0.431641 0.0859375 0.436523 0.0859375 0.4375 0.0872396 0.44043 0.0872396 0.442383 0.0898438 0.443359 0.0898438 0.448242 0.0963542 0.448242 0.0976562 0.450195 0.10026 0.450195 0.101562 0.451172 0.102865 0.451172 0.104167 0.453125 0.106771 0.456055 0.106771 0.457031 0.105469 0.457031 0.0989583 0.458008 0.0976562 0.458008 0.0911458 0.457031 0.0898438 0.457031 0.0885417 0.445312 0.0729167 0.445312 0.0716146 0.441406 0.0664062 0.44043 0.0664062 0.4375 0.0625 0.436523 0.0625 0.435547 0.0611979 0.43457 0.0611979 0.433594 0.0598958 0.432617 0.0598958 0.431641 0.0585938 0.430664 0.0585938 0.429688 0.0572917 0.428711 0.0572917 0.427734 0.0559896 0.426758 0.0559896 0.424805 0.0533854 0.423828 0.0533854 0.421875 0.0507812 0.420898 0.0507812 0.419922 0.0494792 0.418945 0.0494792 0.417969 0.0481771 0.416016 0.0481771 0.415039 0.046875 0.413086 0.046875 0.412109 0.0455729 0.410156 0.0455729 0.40918 0.0442708 0.405273 0.0442708 0.404297 0.0429688
0 0.455078 0.0455729 0.454102 0.046875 0.452148 0.046875 0.451172 0.0481771 0.451172 0.0559896 0.453125 0.0585938 0.453125 0.0598958 0.455078 0.0625 0.455078 0.0638021 0.456055 0.0638021 0.457031 0.0651042 0.458984 0.0651042 0.460938 0.0677083 0.461914 0.0677083 0.462891 0.0690104 0.46582 0.0690104 0.466797 0.0703125 0.470703 0.0703125 0.47168 0.0716146 0.499023 0.0716146 0.5 0.0703125 0.50293 0.0703125 0.503906 0.0690104 0.508789 0.0690104 0.509766 0.0677083 0.511719 0.0677083 0.511719 0.0664062 0.512695 0.0651042 0.512695 0.0598958 0.511719 0.0585938 0.510742 0.0585938 0.509766 0.0572917 0.508789 0.0572917 0.507812 0.0559896 0.506836 0.0559896 0.505859 0.0546875 0.503906 0.0546875 0.50293 0.0533854 0.5 0.0533854 0.499023 0.0520833 0.49707 0.0520833 0.496094 0.0507812 0.494141 0.0507812 0.493164 0.0494792 0.490234 0.0494792 0.489258 0.0481771 0.487305 0.0481771 0.486328 0.046875 0.483398 0.046875 0.482422 0.0455729
0 0.381836 0.0429688 0.381836 0.0598958 0.382812 0.0598958 0.383789 0.0611979 0.384766 0.0611979 0.385742 0.0625 0.386719 0.0625 0.388672 0.0651042 0.390625 0.0651042 0.391602 0.0664062 0.392578 0.0664062 0.393555 0.0677083 0.394531 0.0677083 0.395508 0.0690104 0.397461 0.0690104 0.398438 0.0703125 0.399414 0.0703125 0.400391 0.0716146 0.401367 0.0716146 0.402344 0.0729167 0.40332 0.0729167 0.404297 0.0742188 0.405273 0.0742188 0.40625 0.0755208 0.407227 0.0755208 0.408203 0.0768229 0.40918 0.0768229 0.410156 0.078125 0.411133 0.078125 0.412109 0.0794271 0.413086 0.0794271 0.414062 0.0807292 0.418945 0.0807292 0.419922 0.0820312 0.422852 0.0820312 0.423828 0.0833333 0.426758 0.0833333 0.427734 0.0846354 0.430664 0.0846354 0.431641 0.0859375 0.436523 0.0859375 0.4375 0.0872396 0.44043 0.0872396 0.442383 0.0898438 0.443359 0.0898438 0.448242 0.0963542 0.448242 0.0976562 0.450195 0.10026 0.450195 0.101562 0.451172 0.102865 0.451172 0.104167 0.453125 0.106771 0.456055 0.106771 0.457031 0.105469 0.457031 0.0989583 0.458008 0.0976562 0.458008 0.0911458 0.457031 0.0898438 0.457031 0.0885417 0.445312 0.0729167 0.445312 0.0716146 0.441406 0.0664062 0.44043 0.0664062 0.4375 0.0625 0.436523 0.0625 0.435547 0.0611979 0.43457 0.0611979 0.433594 0.0598958 0.432617 0.0598958 0.431641 0.0585938 0.430664 0.0585938 0.429688 0.0572917 0.428711 0.0572917 0.427734 0.0559896 0.426758 0.0559896 0.424805 0.0533854 0.423828 0.0533854 0.421875 0.0507812 0.420898 0.0507812 0.419922 0.0494792 0.418945 0.0494792 0.417969 0.0481771 0.416016 0.0481771 0.415039 0.046875 0.413086 0.046875 0.412109 0.0455729 0.410156 0.0455729 0.40918 0.0442708 0.405273 0.0442708 0.404297 0.0429688
0 0.455078 0.0455729 0.454102 0.046875 0.452148 0.046875 0.451172 0.0481771 0.451172 0.0559896 0.453125 0.0585938 0.453125 0.0598958 0.455078 0.0625 0.455078 0.0638021 0.456055 0.0638021 0.457031 0.0651042 0.458984 0.0651042 0.460938 0.0677083 0.461914 0.0677083 0.462891 0.0690104 0.46582 0.0690104 0.466797 0.0703125 0.470703 0.0703125 0.47168 0.0716146 0.499023 0.0716146 0.5 0.0703125 0.50293 0.0703125 0.503906 0.0690104 0.508789 0.0690104 0.509766 0.0677083 0.511719 0.0677083 0.511719 0.0664062 0.512695 0.0651042 0.512695 0.0598958 0.511719 0.0585938 0.510742 0.0585938 0.509766 0.0572917 0.508789 0.0572917 0.507812 0.0559896 0.506836 0.0559896 0.505859 0.0546875 0.503906 0.0546875 0.50293 0.0533854 0.5 0.0533854 0.499023 0.0520833 0.49707 0.0520833 0.496094 0.0507812 0.494141 0.0507812 0.493164 0.0494792 0.490234 0.0494792 0.489258 0.0481771 0.487305 0.0481771 0.486328 0.046875 0.483398 0.046875 0.482422 0.0455729
0 0.381836 0.0429688 0.381836 0.0598958 0.382812 0.0598958 0.383789 0.0611979 0.384766 0.0611979 0.385742 0.0625 0.386719 0.0625 0.388672 0.0651042 0.390625 0.0651042 0.391602 0.0664062 0.392578 0.0664062 0.393555 0.0677083 0.394531 0.0677083 0.395508 0.0690104 0.397461 0.0690104 0.398438 0.0703125 0.399414 0.0703125 0.400391 0.0716146 0.401367 0.0716146 0.402344 0.0729167 0.40332 0.0729167 0.404297 0.0742188 0.405273 0.0742188 0.40625 0.0755208 0.407227 0.0755208 0.408203 0.0768229 0.40918 0.0768229 0.410156 0.078125 0.411133 0.078125 0.412109 0.0794271 0.413086 0.0794271 0.414062 0.0807292 0.418945 0.0807292 0.419922 0.0820312 0.422852 0.0820312 0.423828 0.0833333 0.426758 0.0833333 0.427734 0.0846354 0.430664 0.0846354 0.431641 0.0859375 0.436523 0.0859375 0.4375 0.0872396 0.44043 0.0872396 0.442383 0.0898438 0.443359 0.0898438 0.448242 0.0963542 0.448242 0.0976562 0.450195 0.10026 0.450195 0.101562 0.451172 0.102865 0.451172 0.104167 0.453125 0.106771 0.456055 0.106771 0.457031 0.105469 0.457031 0.0989583 0.458008 0.0976562 0.458008 0.0911458 0.457031 0.0898438 0.457031 0.0885417 0.445312 0.0729167 0.445312 0.0716146 0.441406 0.0664062 0.44043 0.0664062 0.4375 0.0625 0.436523 0.0625 0.435547 0.0611979 0.43457 0.0611979 0.433594 0.0598958 0.432617 0.0598958 0.431641 0.0585938 0.430664 0.0585938 0.429688 0.0572917 0.428711 0.0572917 0.427734 0.0559896 0.426758 0.0559896 0.424805 0.0533854 0.423828 0.0533854 0.421875 0.0507812 0.420898 0.0507812 0.419922 0.0494792 0.418945 0.0494792 0.417969 0.0481771 0.416016 0.0481771 0.415039 0.046875 0.413086 0.046875 0.412109 0.0455729 0.410156 0.0455729 0.40918 0.0442708 0.405273 0.0442708 0.404297 0.0429688
0 0.455078 0.0455729 0.454102 0.046875 0.452148 0.046875 0.451172 0.0481771 0.451172 0.0559896 0.453125 0.0585938 0.453125 0.0598958 0.455078 0.0625 0.455078 0.0638021 0.456055 0.0638021 0.457031 0.0651042 0.458984 0.0651042 0.460938 0.0677083 0.461914 0.0677083 0.462891 0.0690104 0.46582 0.0690104 0.466797 0.0703125 0.470703 0.0703125 0.47168 0.0716146 0.499023 0.0716146 0.5 0.0703125 0.50293 0.0703125 0.503906 0.0690104 0.508789 0.0690104 0.509766 0.0677083 0.511719 0.0677083 0.511719 0.0664062 0.512695 0.0651042 0.512695 0.0598958 0.511719 0.0585938 0.510742 0.0585938 0.509766 0.0572917 0.508789 0.0572917 0.507812 0.0559896 0.506836 0.0559896 0.505859 0.0546875 0.503906 0.0546875 0.50293 0.0533854 0.5 0.0533854 0.499023 0.0520833 0.49707 0.0520833 0.496094 0.0507812 0.494141 0.0507812 0.493164 0.0494792 0.490234 0.0494792 0.489258 0.0481771 0.487305 0.0481771 0.486328 0.046875 0.483398 0.046875 0.482422 0.0455729
0 0.381836 0.0429688 0.381836 0.0598958 0.382812 0.0598958 0.383789 0.0611979 0.384766 0.0611979 0.385742 0.0625 0.386719 0.0625 0.388672 0.0651042 0.390625 0.0651042 0.391602 0.0664062 0.392578 0.0664062 0.393555 0.0677083 0.394531 0.0677083 0.395508 0.0690104 0.397461 0.0690104 0.398438 0.0703125 0.399414 0.0703125 0.400391 0.0716146 0.401367 0.0716146 0.402344 0.0729167 0.40332 0.0729167 0.404297 0.0742188 0.405273 0.0742188 0.40625 0.0755208 0.407227 0.0755208 0.408203 0.0768229 0.40918 0.0768229 0.410156 0.078125 0.411133 0.078125 0.412109 0.0794271 0.413086 0.0794271 0.414062 0.0807292 0.418945 0.0807292 0.419922 0.0820312 0.422852 0.0820312 0.423828 0.0833333 0.426758 0.0833333 0.427734 0.0846354 0.430664 0.0846354 0.431641 0.0859375 0.436523 0.0859375 0.4375 0.0872396 0.44043 0.0872396 0.442383 0.0898438 0.443359 0.0898438 0.448242 0.0963542 0.448242 0.0976562 0.450195 0.10026 0.450195 0.101562 0.451172 0.102865 0.451172 0.104167 0.453125 0.106771 0.456055 0.106771 0.457031 0.105469 0.457031 0.0989583 0.458008 0.0976562 0.458008 0.0911458 0.457031 0.0898438 0.457031 0.0885417 0.445312 0.0729167 0.445312 0.0716146 0.441406 0.0664062 0.44043 0.0664062 0.4375 0.0625 0.436523 0.0625 0.435547 0.0611979 0.43457 0.0611979 0.433594 0.0598958 0.432617 0.0598958 0.431641 0.0585938 0.430664 0.0585938 0.429688 0.0572917 0.428711 0.0572917 0.427734 0.0559896 0.426758 0.0559896 0.424805 0.0533854 0.423828 0.0533854 0.421875 0.0507812 0.420898 0.0507812 0.419922 0.0494792 0.418945 0.0494792 0.417969 0.0481771 0.416016 0.0481771 0.415039 0.046875 0.413086 0.046875 0.412109 0.0455729 0.410156 0.0455729 0.40918 0.0442708 0.405273 0.0442708 0.404297 0.0429688
0 0.455078 0.0455729 0.454102 0.046875 0.452148 0.046875 0.451172 0.0481771 0.451172 0.0559896 0.453125 0.0585938 0.453125 0.0598958 0.455078 0.0625 0.455078 0.0638021 0.456055 0.0638021 0.457031 0.0651042 0.458984 0.0651042 0.460938 0.0677083 0.461914 0.0677083 0.462891 0.0690104 0.46582 0.0690104 0.466797 0.0703125 0.470703 0.0703125 0.47168 0.0716146 0.499023 0.0716146 0.5 0.0703125 0.50293 0.0703125 0.503906 0.0690104 0.508789 0.0690104 0.509766 0.0677083 0.511719 0.0677083 0.511719 0.0664062 0.512695 0.0651042 0.512695 0.0598958 0.511719 0.0585938 0.510742 0.0585938 0.509766 0.0572917 0.508789 0.0572917 0.507812 0.0559896 0.506836 0.0559896 0.505859 0.0546875 0.503906 0.0546875 0.50293 0.0533854 0.5 0.0533854 0.499023 0.0520833 0.49707 0.0520833 0.496094 0.0507812 0.494141 0.0507812 0.493164 0.0494792 0.490234 0.0494792 0.489258 0.0481771 0.487305 0.0481771 0.486328 0.046875 0.483398 0.046875 0.482422 0.0455729
0 0.381836 0.0429688 0.381836 0.0598958 0.382812 0.0598958 0.383789 0.0611979 0.384766 0.0611979 0.385742 0.0625 0.386719 0.0625 0.388672 0.0651042 0.390625 0.0651042 0.391602 0.0664062 0.392578 0.0664062 0.393555 0.0677083 0.394531 0.0677083 0.395508 0.0690104 0.397461 0.0690104 0.398438 0.0703125 0.399414 0.0703125 0.400391 0.0716146 0.401367 0.0716146 0.402344 0.0729167 0.40332 0.0729167 0.404297 0.0742188 0.405273 0.0742188 0.40625 0.0755208 0.407227 0.0755208 0.408203 0.0768229 0.40918 0.0768229 0.410156 0.078125 0.411133 0.078125 0.412109 0.0794271 0.413086 0.0794271 0.414062 0.0807292 0.418945 0.0807292 0.419922 0.0820312 0.422852 0.0820312 0.423828 0.0833333 0.426758 0.0833333 0.427734 0.0846354 0.430664 0.0846354 0.431641 0.0859375 0.436523 0.0859375 0.4375 0.0872396 0.44043 0.0872396 0.442383 0.0898438 0.443359 0.0898438 0.448242 0.0963542 0.448242 0.0976562 0.450195 0.10026 0.450195 0.101562 0.451172 0.102865 0.451172 0.104167 0.453125 0.106771 0.456055 0.106771 0.457031 0.105469 0.457031 0.0989583 0.458008 0.0976562 0.458008 0.0911458 0.457031 0.0898438 0.457031 0.0885417 0.445312 0.0729167 0.445312 0.0716146 0.441406 0.0664062 0.44043 0.0664062 0.4375 0.0625 0.436523 0.0625 0.435547 0.0611979 0.43457 0.0611979 0.433594 0.0598958 0.432617 0.0598958 0.431641 0.0585938 0.430664 0.0585938 0.429688 0.0572917 0.428711 0.0572917 0.427734 0.0559896 0.426758 0.0559896 0.424805 0.0533854 0.423828 0.0533854 0.421875 0.0507812 0.420898 0.0507812 0.419922 0.0494792 0.418945 0.0494792 0.417969 0.0481771 0.416016 0.0481771 0.415039 0.046875 0.413086 0.046875 0.412109 0.0455729 0.410156 0.0455729 0.40918 0.0442708 0.405273 0.0442708 0.404297 0.0429688
0 0.455078 0.0455729 0.454102 0.046875 0.452148 0.046875 0.451172 0.0481771 0.451172 0.0559896 0.453125 0.0585938 0.453125 0.0598958 0.455078 0.0625 0.455078 0.0638021 0.456055 0.0638021 0.457031 0.0651042 0.458984 0.0651042 0.460938 0.0677083 0.461914 0.0677083 0.462891 0.0690104 0.46582 0.0690104 0.466797 0.0703125 0.470703 0.0703125 0.47168 0.0716146 0.499023 0.0716146 0.5 0.0703125 0.50293 0.0703125 0.503906 0.0690104 0.508789 0.0690104 0.509766 0.0677083 0.511719 0.0677083 0.511719 0.0664062 0.512695 0.0651042 0.512695 0.0598958 0.511719 0.0585938 0.510742 0.0585938 0.509766 0.0572917 0.508789 0.0572917 0.507812 0.0559896 0.506836 0.0559896 0.505859 0.0546875 0.503906 0.0546875 0.50293 0.0533854 0.5 0.0533854 0.499023 0.0520833 0.49707 0.0520833 0.496094 0.0507812 0.494141 0.0507812 0.493164 0.0494792 0.490234 0.0494792 0.489258 0.0481771 0.487305 0.0481771 0.486328 0.046875 0.483398 0.046875 0.482422 0.0455729
