0 0.802734 0.518229 0.802734 0.520833 0.801758 0.522135 0.801758 0.523438 0.799805 0.526042 0.799805 0.527344 0.797852 0.529948 0.796875 0.528646 0.795898 0.528646 0.794922 0.527344 0.793945 0.528646 0.791992 0.528646 0.791016 0.529948 0.790039 0.529948 0.786133 0.535156 0.78418 0.535156 0.783203 0.536458 0.779297 0.536458 0.775391 0.541667 0.775391 0.542969 0.769531 0.550781 0.768555 0.550781 0.758789 0.563802 0.757812 0.563802 0.757812 0.579427 0.777344 0.579427 0.77832 0.578125 0.780273 0.578125 0.78125 0.576823 0.783203 0.576823 0.785156 0.574219 0.786133 0.574219 0.786133 0.572917 0.788086 0.570312 0.789062 0.570312 0.796875 0.559896 0.796875 0.558594 0.797852 0.557292 0.797852 0.554688 0.798828 0.553385 0.798828 0.552083 0.800781 0.549479 0.800781 0.548177 0.802734 0.545573 0.803711 0.545573 0.804688 0.544271 0.805664 0.544271 0.806641 0.542969 0.807617 0.542969 0.80957 0.540365 0.810547 0.540365 0.811523 0.539062 0.811523 0.53776 0.810547 0.536458 0.810547 0.535156 0.805664 0.528646 0.805664 0.527344 0.804688 0.526042 0.804688 0.518229
0 0.954102 0.518229 0.951172 0.522135 0.950195 0.522135 0.947266 0.526042 0.946289 0.526042 0.943359 0.529948 0.942383 0.529948 0.941406 0.53125 0.94043 0.53125 0.938477 0.533854 0.936523 0.533854 0.935547 0.535156 0.93457 0.535156 0.933594 0.536458 0.926758 0.536458 0.925781 0.535156 0.923828 0.535156 0.922852 0.536458 0.919922 0.536458 0.918945 0.53776 0.915039 0.53776 0.914062 0.536458 0.900391 0.536458 0.899414 0.53776 0.889648 0.53776 0.888672 0.539062 0.882812 0.539062 0.881836 0.540365 0.878906 0.540365 0.87793 0.541667 0.875977 0.541667 0.875 0.542969 0.873047 0.542969 0.87207 0.544271 0.869141 0.544271 0.868164 0.545573 0.866211 0.545573 0.865234 0.546875 0.863281 0.546875 0.861328 0.549479 0.859375 0.549479 0.857422 0.552083 0.856445 0.552083 0.855469 0.553385 0.854492 0.553385 0.853516 0.554688 0.852539 0.554688 0.851562 0.55599 0.850586 0.55599 0.849609 0.557292 0.848633 0.557292 0.847656 0.558594 0.84668 0.558594 0.844727 0.561198 0.84375 0.561198 0.842773 0.5625 0.842773 0.570312 0.84375 0.571615 0.847656 0.571615 0.848633 0.572917 0.850586 0.572917 0.851562 0.574219 0.863281 0.574219 0.864258 0.575521 0.876953 0.575521 0.87793 0.576823 0.884766 0.576823 0.885742 0.575521 0.889648 0.575521 0.890625 0.574219 0.896484 0.574219 0.897461 0.575521 0.898438 0.575521 0.899414 0.576823 0.901367 0.576823 0.902344 0.575521 0.902344 0.572917 0.90332 0.571615 0.904297 0.571615 0.905273 0.570312 0.907227 0.570312 0.908203 0.56901 0.910156 0.56901 0.911133 0.567708 0.913086 0.567708 0.914062 0.566406 0.916016 0.566406 0.916992 0.565104 0.918945 0.565104 0.919922 0.563802 0.922852 0.563802 0.923828 0.5625 0.924805 0.5625 0.925781 0.561198 0.926758 0.561198 0.927734 0.559896 0.927734 0.557292 0.932617 0.550781 0.933594 0.550781 0.93457 0.549479 0.939453 0.549479 0.94043 0.548177 0.955078 0.548177 0.956055 0.546875 0.96582 0.546875 0.966797 0.545573 0.966797 0.542969 0.96582 0.542969 0.964844 0.541667 0.962891 0.541667 0.957031 0.533854 0.957031 0.532552 0.956055 0.53125 0.956055 0.526042 0.957031 0.52474 0.957031 0.518229
0 0.802734 0.518229 0.802734 0.520833 0.801758 0.522135 0.801758 0.523438 0.799805 0.526042 0.799805 0.527344 0.797852 0.529948 0.796875 0.528646 0.795898 0.528646 0.794922 0.527344 0.793945 0.528646 0.791992 0.528646 0.791016 0.529948 0.790039 0.529948 0.786133 0.535156 0.78418 0.535156 0.783203 0.536458 0.779297 0.536458 0.775391 0.541667 0.775391 0.542969 0.769531 0.550781 0.768555 0.550781 0.758789 0.563802 0.757812 0.563802 0.757812 0.579427 0.777344 0.579427 0.77832 0.578125 0.780273 0.578125 0.78125 0.576823 0.783203 0.576823 0.785156 0.574219 0.786133 0.574219 0.786133 0.572917 0.788086 0.570312 0.789062 0.570312 0.796875 0.559896 0.796875 0.558594 0.797852 0.557292 0.797852 0.554688 0.798828 0.553385 0.798828 0.552083 0.800781 0.549479 0.800781 0.548177 0.802734 0.545573 0.803711 0.545573 0.804688 0.544271 0.805664 0.544271 0.806641 0.542969 0.807617 0.542969 0.80957 0.540365 0.810547 0.540365 0.811523 0.539062 0.811523 0.53776 0.810547 0.536458 0.810547 0.535156 0.805664 0.528646 0.805664 0.527344 0.804688 0.526042 0.804688 0.518229
0 0.954102 0.518229 0.951172 0.522135 0.950195 0.522135 0.947266 0.526042 0.946289 0.526042 0.943359 0.529948 0.942383 0.529948 0.941406 0.53125 0.94043 0.53125 0.938477 0.533854 0.936523 0.533854 0.935547 0.535156 0.93457 0.535156 0.933594 0.536458 0.926758 0.536458 0.925781 0.535156 0.923828 0.535156 0.922852 0.536458 0.919922 0.536458 0.918945 0.53776 0.915039 0.53776 0.914062 0.536458 0.900391 0.536458 0.899414 0.53776 0.889648 0.53776 0.888672 0.539062 0.882812 0.539062 0.881836 0.540365 0.878906 0.540365 0.87793 0.541667 0.875977 0.541667 0.875 0.542969 0.873047 0.542969 0.87207 0.544271 0.869141 0.544271 0.868164 0.545573 0.866211 0.545573 0.865234 0.546875 0.863281 0.546875 0.861328 0.549479 0.859375 0.549479 0.857422 0.552083 0.856445 0.552083 0.855469 0.553385 0.854492 0.553385 0.853516 0.554688 0.852539 0.554688 0.851562 0.55599 0.850586 0.55599 0.849609 0.557292 0.848633 0.557292 0.847656 0.558594 0.84668 0.558594 0.844727 0.561198 0.84375 0.561198 0.842773 0.5625 0.842773 0.570312 0.84375 0.571615 0.847656 0.571615 0.848633 0.572917 0.850586 0.572917 0.851562 0.574219 0.863281 0.574219 0.864258 0.575521 0.876953 0.575521 0.87793 0.576823 0.884766 0.576823 0.885742 0.575521 0.889648 0.575521 0.890625 0.574219 0.896484 0.574219 0.897461 0.575521 0.898438 0.575521 0.899414 0.576823 0.901367 0.576823 0.902344 0.575521 0.902344 0.572917 0.90332 0.571615 0.904297 0.571615 0.905273 0.570312 0.907227 0.570312 0.908203 0.56901 0.910156 0.56901 0.911133 0.567708 0.913086 0.567708 0.914062 0.566406 0.916016 0.566406 0.916992 0.565104 0.918945 0.565104 0.919922 0.563802 0.922852 0.563802 0.923828 0.5625 0.924805 0.5625 0.925781 0.561198 0.926758 0.561198 0.927734 0.559896 0.927734 0.557292 0.932617 0.550781 0.933594 0.550781 0.93457 0.549479 0.939453 0.549479 0.94043 0.548177 0.955078 0.548177 0.956055 0.546875 0.96582 0.546875 0.966797 0.545573 0.966797 0.542969 0.96582 0.542969 0.964844 0.541667 0.962891 0.541667 0.957031 0.533854 0.957031 0.532552 0.956055 0.53125 0.956055 0.526042 0.957031 0.52474 0.957031 0.518229
0 0.802734 0.518229 0.802734 0.520833 0.801758 0.522135 0.801758 0.523438 0.799805 0.526042 0.799805 0.527344 0.797852 0.529948 0.796875 0.528646 0.795898 0.528646 0.794922 0.527344 0.793945 0.528646 0.791992 0.528646 0.791016 0.529948 0.790039 0.529948 0.786133 0.535156 0.78418 0.535156 0.783203 0.536458 0.779297 0.536458 0.775391 0.541667 0.775391 0.542969 0.769531 0.550781 0.768555 0.550781 0.758789 0.563802 0.757812 0.563802 0.757812 0.579427 0.777344 0.579427 0.77832 0.578125 0.780273 0.578125 0.78125 0.576823 0.783203 0.576823 0.785156 0.574219 0.786133 0.574219 0.786133 0.572917 0.788086 0.570312 0.789062 0.570312 0.796875 0.559896 0.796875 0.558594 0.797852 0.557292 0.797852 0.554688 0.798828 0.553385 0.798828 0.552083 0.800781 0.549479 0.800781 0.548177 0.802734 0.545573 0.803711 0.545573 0.804688 0.544271 0.805664 0.544271 0.806641 0.542969 0.807617 0.542969 0.80957 0.540365 0.810547 0.540365 0.811523 0.539062 0.811523 0.53776 0.810547 0.536458 0.810547 0.535156 0.805664 0.528646 0.805664 0.527344 0.804688 0.526042 0.804688 0.518229
0 0.954102 0.518229 0.951172 0.522135 0.950195 0.522135 0.947266 0.526042 0.946289 0.526042 0.943359 0.529948 0.942383 0.529948 0.941406 0.53125 0.94043 0.53125 0.938477 0.533854 0.936523 0.533854 0.935547 0.535156 0.93457 0.535156 0.933594 0.536458 0.926758 0.536458 0.925781 0.535156 0.923828 0.535156 0.922852 0.536458 0.919922 0.536458 0.918945 0.53776 0.915039 0.53776 0.914062 0.536458 0.900391 0.536458 0.899414 0.53776 0.889648 0.53776 0.888672 0.539062 0.882812 0.539062 0.881836 0.540365 0.878906 0.540365 0.87793 0.541667 0.875977 0.541667 0.875 0.542969 0.873047 0.542969 0.87207 0.544271 0.869141 0.544271 0.868164 0.545573 0.866211 0.545573 0.865234 0.546875 0.863281 0.546875 0.861328 0.549479 0.859375 0.549479 0.857422 0.552083 0.856445 0.552083 0.855469 0.553385 0.854492 0.553385 0.853516 0.554688 0.852539 0.554688 0.851562 0.55599 0.850586 0.55599 0.849609 0.557292 0.848633 0.557292 0.847656 0.558594 0.84668 0.558594 0.844727 0.561198 0.84375 0.561198 0.842773 0.5625 0.842773 0.570312 0.84375 0.571615 0.847656 0.571615 0.848633 0.572917 0.850586 0.572917 0.851562 0.574219 0.863281 0.574219 0.864258 0.575521 0.876953 0.575521 0.87793 0.576823 0.884766 0.576823 0.885742 0.575521 0.889648 0.575521 0.890625 0.574219 0.896484 0.574219 0.897461 0.575521 0.898438 0.575521 0.899414 0.576823 0.901367 0.576823 0.902344 0.575521 0.902344 0.572917 0.90332 0.571615 0.904297 0.571615 0.905273 0.570312 0.907227 0.570312 0.908203 0.56901 0.910156 0.56901 0.911133 0.567708 0.913086 0.567708 0.914062 0.566406 0.916016 0.566406 0.916992 0.565104 0.918945 0.565104 0.919922 0.563802 0.922852 0.563802 0.923828 0.5625 0.924805 0.5625 0.925781 0.561198 0.926758 0.561198 0.927734 0.559896 0.927734 0.557292 0.932617 0.550781 0.933594 0.550781 0.93457 0.549479 0.939453 0.549479 0.94043 0.548177 0.955078 0.548177 0.956055 0.546875 0.96582 0.546875 0.966797 0.545573 0.966797 0.542969 0.96582 0.542969 0.964844 0.541667 0.962891 0.541667 0.957031 0.533854 0.957031 0.532552 0.956055 0.53125 0.956055 0.526042 0.957031 0.52474 0.957031 0.518229
0 0.802734 0.518229 0.802734 0.520833 0.801758 0.522135 0.801758 0.523438 0.799805 0.526042 0.799805 0.527344 0.797852 0.529948 0.796875 0.528646 0.795898 0.528646 0.794922 0.527344 0.793945 0.528646 0.791992 0.528646 0.791016 0.529948 0.790039 0.529948 0.786133 0.535156 0.78418 0.535156 0.783203 0.536458 0.779297 0.536458 0.775391 0.541667 0.775391 0.542969 0.769531 0.550781 0.768555 0.550781 0.758789 0.563802 0.757812 0.563802 0.757812 0.579427 0.777344 0.579427 0.77832 0.578125 0.780273 0.578125 0.78125 0.576823 0.783203 0.576823 0.785156 0.574219 0.786133 0.574219 0.786133 0.572917 0.788086 0.570312 0.789062 0.570312 0.796875 0.559896 0.796875 0.558594 0.797852 0.557292 0.797852 0.554688 0.798828 0.553385 0.798828 0.552083 0.800781 0.549479 0.800781 0.548177 0.802734 0.545573 0.803711 0.545573 0.804688 0.544271 0.805664 0.544271 0.806641 0.542969 0.807617 0.542969 0.80957 0.540365 0.810547 0.540365 0.811523 0.539062 0.811523 0.53776 0.810547 0.536458 0.810547 0.535156 0.805664 0.528646 0.805664 0.527344 0.804688 0.526042 0.804688 0.518229
0 0.954102 0.518229 0.951172 0.522135 0.950195 0.522135 0.947266 0.526042 0.946289 0.526042 0.943359 0.529948 0.942383 0.529948 0.941406 0.53125 0.94043 0.53125 0.938477 0.533854 0.936523 0.533854 0.935547 0.535156 0.93457 0.535156 0.933594 0.536458 0.926758 0.536458 0.925781 0.535156 0.923828 0.535156 0.922852 0.536458 0.919922 0.536458 0.918945 0.53776 0.915039 0.53776 0.914062 0.536458 0.900391 0.536458 0.899414 0.53776 0.889648 0.53776 0.888672 0.539062 0.882812 0.539062 0.881836 0.540365 0.878906 0.540365 0.87793 0.541667 0.875977 0.541667 0.875 0.542969 0.873047 0.542969 0.87207 0.544271 0.869141 0.544271 0.868164 0.545573 0.866211 0.545573 0.865234 0.546875 0.863281 0.546875 0.861328 0.549479 0.859375 0.549479 0.857422 0.552083 0.856445 0.552083 0.855469 0.553385 0.854492 0.553385 0.853516 0.554688 0.852539 0.554688 0.851562 0.55599 0.850586 0.55599 0.849609 0.557292 0.848633 0.557292 0.847656 0.558594 0.84668 0.558594 0.844727 0.561198 0.84375 0.561198 0.842773 0.5625 0.842773 0.570312 0.84375 0.571615 0.847656 0.571615 0.848633 0.572917 0.850586 0.572917 0.851562 0.574219 0.863281 0.574219 0.864258 0.575521 0.876953 0.575521 0.87793 0.576823 0.884766 0.576823 0.885742 0.575521 0.889648 0.575521 0.890625 0.574219 0.896484 0.574219 0.897461 0.575521 0.898438 0.575521 0.899414 0.576823 0.901367 0.576823 0.902344 0.575521 0.902344 0.572917 0.90332 0.571615 0.904297 0.571615 0.905273 0.570312 0.907227 0.570312 0.908203 0.56901 0.910156 0.56901 0.911133 0.567708 0.913086 0.567708 0.914062 0.566406 0.916016 0.566406 0.916992 0.565104 0.918945 0.565104 0.919922 0.563802 0.922852 0.563802 0.923828 0.5625 0.924805 0.5625 0.925781 0.561198 0.926758 0.561198 0.927734 0.559896 0.927734 0.557292 0.932617 0.550781 0.933594 0.550781 0.93457 0.549479 0.939453 0.549479 0.94043 0.548177 0.955078 0.548177 0.956055 0.546875 0.96582 0.546875 0.966797 0.545573 0.966797 0.542969 0.96582 0.542969 0.964844 0.541667 0.962891 0.541667 0.957031 0.533854 0.957031 0.532552 0.956055 0.53125 0.956055 0.526042 0.957031 0.52474 0.957031 0.518229
0 0.802734 0.518229 0.802734 0.520833 0.801758 0.522135 0.801758 0.523438 0.799805 0.526042 0.799805 0.527344 0.797852 0.529948 0.796875 0.528646 0.795898 0.528646 0.794922 0.527344 0.793945 0.528646 0.791992 0.528646 0.791016 0.529948 0.790039 0.529948 0.786133 0.535156 0.78418 0.535156 0.783203 0.536458 0.779297 0.536458 0.775391 0.541667 0.775391 0.542969 0.769531 0.550781 0.768555 0.550781 0.758789 0.563802 0.757812 0.563802 0.757812 0.579427 0.777344 0.579427 0.77832 0.578125 0.780273 0.578125 0.78125 0.576823 0.783203 0.576823 0.785156 0.574219 0.786133 0.574219 0.786133 0.572917 0.788086 0.570312 0.789062 0.570312 0.796875 0.559896 0.796875 0.558594 0.797852 0.557292 0.797852 0.554688 0.798828 0.553385 0.798828 0.552083 0.800781 0.549479 0.800781 0.548177 0.802734 0.545573 0.803711 0.545573 0.804688 0.544271 0.805664 0.544271 0.806641 0.542969 0.807617 0.542969 0.80957 0.540365 0.810547 0.540365 0.811523 0.539062 0.811523 0.53776 0.810547 0.536458 0.810547 0.535156 0.805664 0.528646 0.805664 0.527344 0.804688 0.526042 0.804688 0.518229
0 0.954102 0.518229 0.951172 0.522135 0.950195 0.522135 0.947266 0.526042 0.946289 0.526042 0.943359 0.529948 0.942383 0.529948 0.941406 0.53125 0.94043 0.53125 0.938477 0.533854 0.936523 0.533854 0.935547 0.535156 0.93457 0.535156 0.933594 0.536458 0.926758 0.536458 0.925781 0.535156 0.923828 0.535156 0.922852 0.536458 0.919922 0.536458 0.918945 0.53776 0.915039 0.53776 0.914062 0.536458 0.900391 0.536458 0.899414 0.53776 0.889648 0.53776 0.888672 0.539062 0.882812 0.539062 0.881836 0.540365 0.878906 0.540365 0.87793 0.541667 0.875977 0.541667 0.875 0.542969 0.873047 0.542969 0.87207 0.544271 0.869141 0.544271 0.868164 0.545573 0.866211 0.545573 0.865234 0.546875 0.863281 0.546875 0.861328 0.549479 0.859375 0.549479 0.857422 0.552083 0.856445 0.552083 0.855469 0.553385 0.854492 0.553385 0.853516 0.554688 0.852539 0.554688 0.851562 0.55599 0.850586 0.55599 0.849609 0.557292 0.848633 0.557292 0.847656 0.558594 0.84668 0.558594 0.844727 0.561198 0.84375 0.561198 0.842773 0.5625 0.842773 0.570312 0.84375 0.571615 0.847656 0.571615 0.848633 0.572917 0.850586 0.572917 0.851562 0.574219 0.863281 0.574219 0.864258 0.575521 0.876953 0.575521 0.87793 0.576823 0.884766 0.576823 0.885742 0.575521 0.889648 0.575521 0.890625 0.574219 0.896484 0.574219 0.897461 0.575521 0.898438 0.575521 0.899414 0.576823 0.901367 0.576823 0.902344 0.575521 0.902344 0.572917 0.90332 0.571615 0.904297 0.571615 0.905273 0.570312 0.907227 0.570312 0.908203 0.56901 0.910156 0.56901 0.911133 0.567708 0.913086 0.567708 0.914062 0.566406 0.916016 0.566406 0.916992 0.565104 0.918945 0.565104 0.919922 0.563802 0.922852 0.563802 0.923828 0.5625 0.924805 0.5625 0.925781 0.561198 0.926758 0.561198 0.927734 0.559896 0.927734 0.557292 0.932617 0.550781 0.933594 0.550781 0.93457 0.549479 0.939453 0.549479 0.94043 0.548177 0.955078 0.548177 0.956055 0.546875 0.96582 0.546875 0.966797 0.545573 0.966797 0.542969 0.96582 0.542969 0.964844 0.541667 0.962891 0.541667 0.957031 0.533854 0.957031 0.532552 0.956055 0.53125 0.956055 0.526042 0.957031 0.52474 0.957031 0.518229
0 0.802734 0.518229 0.802734 0.520833 0.801758 0.522135 0.801758 0.523438 0.799805 0.526042 0.799805 0.527344 0.797852 0.529948 0.796875 0.528646 0.795898 0.528646 0.794922 0.527344 0.793945 0.528646 0.791992 0.528646 0.791016 0.529948 0.790039 0.529948 0.786133 0.535156 0.78418 0.535156 0.783203 0.536458 0.779297 0.536458 0.775391 0.541667 0.775391 0.542969 0.769531 0.550781 0.768555 0.550781 0.758789 0.563802 0.757812 0.563802 0.757812 0.579427 0.777344 0.579427 0.77832 0.578125 0.780273 0.578125 0.78125 0.576823 0.783203 0.576823 0.785156 0.574219 0.786133 0.574219 0.786133 0.572917 0.788086 0.570312 0.789062 0.570312 0.796875 0.559896 0.796875 0.558594 0.797852 0.557292 0.797852 0.554688 0.798828 0.553385 0.798828 0.552083 0.800781 0.549479 0.800781 0.548177 0.802734 0.545573 0.803711 0.545573 0.804688 0.544271 0.805664 0.544271 0.806641 0.542969 0.807617 0.542969 0.80957 0.540365 0.810547 0.540365 0.811523 0.539062 0.811523 0.53776 0.810547 0.536458 0.810547 0.535156 0.805664 0.528646 0.805664 0.527344 0.804688 0.526042 0.804688 0.518229
0 0.954102 0.518229 0.951172 0.522135 0.950195 0.522135 0.947266 0.526042 0.946289 0.526042 0.943359 0.529948 0.942383 0.529948 0.941406 0.53125 0.94043 0.53125 0.938477 0.533854 0.936523 0.533854 0.935547 0.535156 0.93457 0.535156 0.933594 0.536458 0.926758 0.536458 0.925781 0.535156 0.923828 0.535156 0.922852 0.536458 0.919922 0.536458 0.918945 0.53776 0.915039 0.53776 0.914062 0.536458 0.900391 0.536458 0.899414 0.53776 0.889648 0.53776 0.888672 0.539062 0.882812 0.539062 0.881836 0.540365 0.878906 0.540365 0.87793 0.541667 0.875977 0.541667 0.875 0.542969 0.873047 0.542969 0.87207 0.544271 0.869141 0.544271 0.868164 0.545573 0.866211 0.545573 0.865234 0.546875 0.863281 0.546875 0.861328 0.549479 0.859375 0.549479 0.857422 0.552083 0.856445 0.552083 0.855469 0.553385 0.854492 0.553385 0.853516 0.554688 0.852539 0.554688 0.851562 0.55599 0.850586 0.55599 0.849609 0.557292 0.848633 0.557292 0.847656 0.558594 0.84668 0.558594 0.844727 0.561198 0.84375 0.561198 0.842773 0.5625 0.842773 0.570312 0.84375 0.571615 0.847656 0.571615 0.848633 0.572917 0.850586 0.572917 0.851562 0.574219 0.863281 0.574219 0.864258 0.575521 0.876953 0.575521 0.87793 0.576823 0.884766 0.576823 0.885742 0.575521 0.889648 0.575521 0.890625 0.574219 0.896484 0.574219 0.897461 0.575521 0.898438 0.575521 0.899414 0.576823 0.901367 0.576823 0.902344 0.575521 0.902344 0.572917 0.90332 0.571615 0.904297 0.571615 0.905273 0.570312 0.907227 0.570312 0.908203 0.56901 0.910156 0.56901 0.911133 0.567708 0.913086 0.567708 0.914062 0.566406 0.916016 0.566406 0.916992 0.565104 0.918945 0.565104 0.919922 0.563802 0.922852 0.563802 0.923828 0.5625 0.924805 0.5625 0.925781 0.561198 0.926758 0.561198 0.927734 0.559896 0.927734 0.557292 0.932617 0.550781 0.933594 0.550781 0.93457 0.549479 0.939453 0.549479 0.94043 0.548177 0.955078 0.548177 0.956055 0.546875 0.96582 0.546875 0.966797 0.545573 0.966797 0.542969 0.96582 0.542969 0.964844 0.541667 0.962891 0.541667 0.957031 0.533854 0.957031 0.532552 0.956055 0.53125 0.956055 0.526042 0.957031 0.52474 0.957031 0.518229
0 0.802734 0.518229 0.802734 0.520833 0.801758 0.522135 0.801758 0.523438 0.799805 0.526042 0.799805 0.527344 0.797852 0.529948 0.796875 0.528646 0.795898 0.528646 0.794922 0.527344 0.793945 0.528646 0.791992 0.528646 0.791016 0.529948 0.790039 0.529948 0.786133 0.535156 0.78418 0.535156 0.783203 0.536458 0.779297 0.536458 0.775391 0.541667 0.775391 0.542969 0.769531 0.550781 0.768555 0.550781 0.758789 0.563802 0.757812 0.563802 0.757812 0.579427 0.777344 0.579427 0.77832 0.578125 0.780273 0.578125 0.78125 0.576823 0.783203 0.576823 0.785156 0.574219 0.786133 0.574219 0.786133 0.572917 0.788086 0.570312 0.789062 0.570312 0.796875 0.559896 0.796875 0.558594 0.797852 0.557292 0.797852 0.554688 0.798828 0.553385 0.798828 0.552083 0.800781 0.549479 0.800781 0.548177 0.802734 0.545573 0.803711 0.545573 0.804688 0.544271 0.805664 0.544271 0.806641 0.542969 0.807617 0.542969 0.80957 0.540365 0.810547 0.540365 0.811523 0.539062 0.811523 0.53776 0.810547 0.536458 0.810547 0.535156 0.805664 0.528646 0.805664 0.527344 0.804688 0.526042 0.804688 0.518229
0 0.954102 0.518229 0.951172 0.522135 0.950195 0.522135 0.947266 0.526042 0.946289 0.526042 0.943359 0.529948 0.942383 0.529948 0.941406 0.53125 0.94043 0.53125 0.938477 0.533854 0.936523 0.533854 0.935547 0.535156 0.93457 0.535156 0.933594 0.536458 0.926758 0.536458 0.925781 0.535156 0.923828 0.535156 0.922852 0.536458 0.919922 0.536458 0.918945 0.53776 0.915039 0.53776 0.914062 0.536458 0.900391 0.536458 0.899414 0.53776 0.889648 0.53776 0.888672 0.539062 0.882812 0.539062 0.881836 0.540365 0.878906 0.540365 0.87793 0.541667 0.875977 0.541667 0.875 0.542969 0.873047 0.542969 0.87207 0.544271 0.869141 0.544271 0.868164 0.545573 0.866211 0.545573 0.865234 0.546875 0.863281 0.546875 0.861328 0.549479 0.859375 0.549479 0.857422 0.552083 0.856445 0.552083 0.855469 0.553385 0.854492 0.553385 0.853516 0.554688 0.852539 0.554688 0.851562 0.55599 0.850586 0.55599 0.849609 0.557292 0.848633 0.557292 0.847656 0.558594 0.84668 0.558594 0.844727 0.561198 0.84375 0.561198 0.842773 0.5625 0.842773 0.570312 0.84375 0.571615 0.847656 0.571615 0.848633 0.572917 0.850586 0.572917 0.851562 0.574219 0.863281 0.574219 0.864258 0.575521 0.876953 0.575521 0.87793 0.576823 0.884766 0.576823 0.885742 0.575521 0.889648 0.575521 0.890625 0.574219 0.896484 0.574219 0.897461 0.575521 0.898438 0.575521 0.899414 0.576823 0.901367 0.576823 0.902344 0.575521 0.902344 0.572917 0.90332 0.571615 0.904297 0.571615 0.905273 0.570312 0.907227 0.570312 0.908203 0.56901 0.910156 0.56901 0.911133 0.567708 0.913086 0.567708 0.914062 0.566406 0.916016 0.566406 0.916992 0.565104 0.918945 0.565104 0.919922 0.563802 0.922852 0.563802 0.923828 0.5625 0.924805 0.5625 0.925781 0.561198 0.926758 0.561198 0.927734 0.559896 0.927734 0.557292 0.932617 0.550781 0.933594 0.550781 0.93457 0.549479 0.939453 0.549479 0.94043 0.548177 0.955078 0.548177 0.956055 0.546875 0.96582 0.546875 0.966797 0.545573 0.966797 0.542969 0.96582 0.542969 0.964844 0.541667 0.962891 0.541667 0.957031 0.533854 0.957031 0.532552 0.956055 0.53125 0.956055 0.526042 0.957031 0.52474 0.957031 0.518229
0 0.802734 0.518229 0.802734 0.520833 0.801758 0.522135 0.801758 0.523438 0.799805 0.526042 0.799805 0.527344 0.797852 0.529948 0.796875 0.528646 0.795898 0.528646 0.794922 0.527344 0.793945 0.528646 0.791992 0.528646 0.791016 0.529948 0.790039 0.529948 0.786133 0.535156 0.78418 0.535156 0.783203 0.536458 0.779297 0.536458 0.775391 0.541667 0.775391 0.542969 0.769531 0.550781 0.768555 0.550781 0.758789 0.563802 0.757812 0.563802 0.757812 0.579427 0.777344 0.579427 0.77832 0.578125 0.780273 0.578125 0.78125 0.576823 0.783203 0.576823 0.785156 0.574219 0.786133 0.574219 0.786133 0.572917 0.788086 0.570312 0.789062 0.570312 0.796875 0.559896 0.796875 0.558594 0.797852 0.557292 0.797852 0.554688 0.798828 0.553385 0.798828 0.552083 0.800781 0.549479 0.800781 0.548177 0.802734 0.545573 0.803711 0.545573 0.804688 0.544271 0.805664 0.544271 0.806641 0.542969 0.807617 0.542969 0.80957 0.540365 0.810547 0.540365 0.811523 0.539062 0.811523 0.53776 0.810547 0.536458 0.810547 0.535156 0.805664 0.528646 0.805664 0.527344 0.804688 0.526042 0.804688 0.518229
0 0.954102 0.518229 0.951172 0.522135 0.950195 0.522135 0.947266 0.526042 0.946289 0.526042 0.943359 0.529948 0.942383 0.529948 0.941406 0.53125 0.94043 0.53125 0.938477 0.533854 0.936523 0.533854 0.935547 0.535156 0.93457 0.535156 0.933594 0.536458 0.926758 0.536458 0.925781 0.535156 0.923828 0.535156 0.922852 0.536458 0.919922 0.536458 0.918945 0.53776 0.915039 0.53776 0.914062 0.536458 0.900391 0.536458 0.899414 0.53776 0.889648 0.53776 0.888672 0.539062 0.882812 0.539062 0.881836 0.540365 0.878906 0.540365 0.87793 0.541667 0.875977 0.541667 0.875 0.542969 0.873047 0.542969 0.87207 0.544271 0.869141 0.544271 0.868164 0.545573 0.866211 0.545573 0.865234 0.546875 0.863281 0.546875 0.861328 0.549479 0.859375 0.549479 0.857422 0.552083 0.856445 0.552083 0.855469 0.553385 0.854492 0.553385 0.853516 0.554688 0.852539 0.554688 0.851562 0.55599 0.850586 0.55599 0.849609 0.557292 0.848633 0.557292 0.847656 0.558594 0.84668 0.558594 0.844727 0.561198 0.84375 0.561198 0.842773 0.5625 0.842773 0.570312 0.84375 0.571615 0.847656 0.571615 0.848633 0.572917 0.850586 0.572917 0.851562 0.574219 0.863281 0.574219 0.864258 0.575521 0.876953 0.575521 0.87793 0.576823 0.884766 0.576823 0.885742 0.575521 0.889648 0.575521 0.890625 0.574219 0.896484 0.574219 0.897461 0.575521 0.898438 0.575521 0.899414 0.576823 0.901367 0.576823 0.902344 0.575521 0.902344 0.572917 0.90332 0.571615 0.904297 0.571615 0.905273 0.570312 0.907227 0.570312 0.908203 0.56901 0.910156 0.56901 0.911133 0.567708 0.913086 0.567708 0.914062 0.566406 0.916016 0.566406 0.916992 0.565104 0.918945 0.565104 0.919922 0.563802 0.922852 0.563802 0.923828 0.5625 0.924805 0.5625 0.925781 0.561198 0.926758 0.561198 0.927734 0.559896 0.927734 0.557292 0.932617 0.550781 0.933594 0.550781 0.93457 0.549479 0.939453 0.549479 0.94043 0.548177 0.955078 0.548177 0.956055 0.546875 0.96582 0.546875 0.966797 0.545573 0.966797 0.542969 0.96582 0.542969 0.964844 0.541667 0.962891 0.541667 0.957031 0.533854 0.957031 0.532552 0.956055 0.53125 0.956055 0.526042 0.957031 0.52474 0.957031 0.518229
