0 0.831055 0.519531 0.830078 0.520833 0.829102 0.520833 0.826172 0.52474 0.825195 0.52474 0.821289 0.529948 0.820312 0.529948 0.817383 0.533854 0.816406 0.533854 0.81543 0.535156 0.814453 0.535156 0.813477 0.536458 0.8125 0.536458 0.811523 0.53776 0.805664 0.53776 0.804688 0.536458 0.802734 0.536458 0.800781 0.533854 0.799805 0.533854 0.797852 0.53125 0.795898 0.53125 0.794922 0.529948 0.793945 0.529948 0.792969 0.53125 0.791016 0.53125 0.790039 0.532552 0.789062 0.532552 0.788086 0.533854 0.787109 0.533854 0.786133 0.535156 0.785156 0.535156 0.78418 0.536458 0.782227 0.536458 0.78125 0.53776 0.774414 0.53776 0.773438 0.536458 0.768555 0.536458 0.767578 0.53776 0.765625 0.53776 0.764648 0.539062 0.763672 0.539062 0.760742 0.542969 0.759766 0.542969 0.758789 0.544271 0.757812 0.544271 0.756836 0.545573 0.755859 0.545573 0.754883 0.546875 0.753906 0.546875 0.75293 0.548177 0.751953 0.548177 0.750977 0.549479 0.75 0.549479 0.749023 0.550781 0.748047 0.550781 0.74707 0.552083 0.746094 0.552083 0.745117 0.553385 0.744141 0.553385 0.743164 0.554688 0.742188 0.554688 0.740234 0.557292 0.739258 0.557292 0.738281 0.558594 0.737305 0.558594 0.736328 0.559896 0.735352 0.559896 0.734375 0.561198 0.733398 0.561198 0.732422 0.5625 0.731445 0.5625 0.730469 0.563802 0.730469 0.570312 0.731445 0.571615 0.734375 0.571615 0.736328 0.574219 0.738281 0.574219 0.739258 0.575521 0.741211 0.575521 0.742188 0.576823 0.744141 0.576823 0.745117 0.578125 0.766602 0.578125 0.767578 0.576823 0.769531 0.576823 0.770508 0.575521 0.771484 0.575521 0.772461 0.574219 0.776367 0.574219 0.777344 0.572917 0.779297 0.572917 0.780273 0.571615 0.782227 0.571615 0.783203 0.570312 0.786133 0.570312 0.787109 0.56901 0.790039 0.56901 0.791016 0.567708 0.792969 0.567708 0.793945 0.566406 0.795898 0.566406 0.796875 0.565104 0.800781 0.565104 0.802734 0.5625 0.803711 0.5625 0.805664 0.559896 0.806641 0.559896 0.80957 0.55599 0.810547 0.55599 0.814453 0.550781 0.81543 0.550781 0.816406 0.549479 0.817383 0.549479 0.819336 0.546875 0.820312 0.546875 0.822266 0.544271 0.823242 0.544271 0.825195 0.541667 0.826172 0.541667 0.827148 0.540365 0.828125 0.540365 0.829102 0.539062 0.831055 0.539062 0.832031 0.53776 0.833008 0.53776 0.834961 0.535156 0.834961 0.520833 0.833984 0.519531
0 0.866211 0.53125 0.865234 0.532552 0.864258 0.532552 0.862305 0.535156 0.861328 0.535156 0.860352 0.536458 0.858398 0.536458 0.857422 0.53776 0.855469 0.53776 0.854492 0.539062 0.852539 0.539062 0.851562 0.540365 0.850586 0.540365 0.84668 0.535156 0.84375 0.535156 0.842773 0.536458 0.84082 0.536458 0.839844 0.53776 0.838867 0.53776 0.837891 0.539062 0.836914 0.539062 0.835938 0.540365 0.833984 0.540365 0.833008 0.541667 0.829102 0.541667 0.828125 0.542969 0.826172 0.542969 0.825195 0.544271 0.824219 0.544271 0.822266 0.546875 0.821289 0.546875 0.819336 0.549479 0.818359 0.549479 0.817383 0.550781 0.816406 0.550781 0.813477 0.554688 0.8125 0.554688 0.80957 0.558594 0.808594 0.558594 0.806641 0.561198 0.806641 0.570312 0.810547 0.570312 0.811523 0.571615 0.813477 0.571615 0.814453 0.572917 0.817383 0.572917 0.818359 0.574219 0.824219 0.574219 0.825195 0.572917 0.828125 0.572917 0.829102 0.571615 0.831055 0.571615 0.832031 0.570312 0.835938 0.570312 0.836914 0.56901 0.838867 0.56901 0.839844 0.567708 0.84082 0.567708 0.841797 0.566406 0.84375 0.566406 0.844727 0.565104 0.84668 0.565104 0.847656 0.563802 0.848633 0.563802 0.852539 0.558594 0.853516 0.558594 0.854492 0.557292 0.855469 0.557292 0.857422 0.554688 0.861328 0.554688 0.862305 0.553385 0.869141 0.553385 0.870117 0.552083 0.871094 0.552083 0.871094 0.546875 0.870117 0.546875 0.868164 0.544271 0.867188 0.544271 0.866211 0.542969 0.866211 0.541667 0.865234 0.540365 0.865234 0.536458 0.866211 0.535156 0.866211 0.532552 0.867188 0.53125
0 0.831055 0.519531 0.830078 0.520833 0.829102 0.520833 0.826172 0.52474 0.825195 0.52474 0.821289 0.529948 0.820312 0.529948 0.817383 0.533854 0.816406 0.533854 0.81543 0.535156 0.814453 0.535156 0.813477 0.536458 0.8125 0.536458 0.811523 0.53776 0.805664 0.53776 0.804688 0.536458 0.802734 0.536458 0.800781 0.533854 0.799805 0.533854 0.797852 0.53125 0.795898 0.53125 0.794922 0.529948 0.793945 0.529948 0.792969 0.53125 0.791016 0.53125 0.790039 0.532552 0.789062 0.532552 0.788086 0.533854 0.787109 0.533854 0.786133 0.535156 0.785156 0.535156 0.78418 0.536458 0.782227 0.536458 0.78125 0.53776 0.774414 0.53776 0.773438 0.536458 0.768555 0.536458 0.767578 0.53776 0.765625 0.53776 0.764648 0.539062 0.763672 0.539062 0.760742 0.542969 0.759766 0.542969 0.758789 0.544271 0.757812 0.544271 0.756836 0.545573 0.755859 0.545573 0.754883 0.546875 0.753906 0.546875 0.75293 0.548177 0.751953 0.548177 0.750977 0.549479 0.75 0.549479 0.749023 0.550781 0.748047 0.550781 0.74707 0.552083 0.746094 0.552083 0.745117 0.553385 0.744141 0.553385 0.743164 0.554688 0.742188 0.554688 0.740234 0.557292 0.739258 0.557292 0.738281 0.558594 0.737305 0.558594 0.736328 0.559896 0.735352 0.559896 0.734375 0.561198 0.733398 0.561198 0.732422 0.5625 0.731445 0.5625 0.730469 0.563802 0.730469 0.570312 0.731445 0.571615 0.734375 0.571615 0.736328 0.574219 0.738281 0.574219 0.739258 0.575521 0.741211 0.575521 0.742188 0.576823 0.744141 0.576823 0.745117 0.578125 0.766602 0.578125 0.767578 0.576823 0.769531 0.576823 0.770508 0.575521 0.771484 0.575521 0.772461 0.574219 0.776367 0.574219 0.777344 0.572917 0.779297 0.572917 0.780273 0.571615 0.782227 0.571615 0.783203 0.570312 0.786133 0.570312 0.787109 0.56901 0.790039 0.56901 0.791016 0.567708 0.792969 0.567708 0.793945 0.566406 0.795898 0.566406 0.796875 0.565104 0.800781 0.565104 0.802734 0.5625 0.803711 0.5625 0.805664 0.559896 0.806641 0.559896 0.80957 0.55599 0.810547 0.55599 0.814453 0.550781 0.81543 0.550781 0.816406 0.549479 0.817383 0.549479 0.819336 0.546875 0.820312 0.546875 0.822266 0.544271 0.823242 0.544271 0.825195 0.541667 0.826172 0.541667 0.827148 0.540365 0.828125 0.540365 0.829102 0.539062 0.831055 0.539062 0.832031 0.53776 0.833008 0.53776 0.834961 0.535156 0.834961 0.520833 0.833984 0.519531
0 0.866211 0.53125 0.865234 0.532552 0.864258 0.532552 0.862305 0.535156 0.861328 0.535156 0.860352 0.536458 0.858398 0.536458 0.857422 0.53776 0.855469 0.53776 0.854492 0.539062 0.852539 0.539062 0.851562 0.540365 0.850586 0.540365 0.84668 0.535156 0.84375 0.535156 0.842773 0.536458 0.84082 0.536458 0.839844 0.53776 0.838867 0.53776 0.837891 0.539062 0.836914 0.539062 0.835938 0.540365 0.833984 0.540365 0.833008 0.541667 0.829102 0.541667 0.828125 0.542969 0.826172 0.542969 0.825195 0.544271 0.824219 0.544271 0.822266 0.546875 0.821289 0.546875 0.819336 0.549479 0.818359 0.549479 0.817383 0.550781 0.816406 0.550781 0.813477 0.554688 0.8125 0.554688 0.80957 0.558594 0.808594 0.558594 0.806641 0.561198 0.806641 0.570312 0.810547 0.570312 0.811523 0.571615 0.813477 0.571615 0.814453 0.572917 0.817383 0.572917 0.818359 0.574219 0.824219 0.574219 0.825195 0.572917 0.828125 0.572917 0.829102 0.571615 0.831055 0.571615 0.832031 0.570312 0.835938 0.570312 0.836914 0.56901 0.838867 0.56901 0.839844 0.567708 0.84082 0.567708 0.841797 0.566406 0.84375 0.566406 0.844727 0.565104 0.84668 0.565104 0.847656 0.563802 0.848633 0.563802 0.852539 0.558594 0.853516 0.558594 0.854492 0.557292 0.855469 0.557292 0.857422 0.554688 0.861328 0.554688 0.862305 0.553385 0.869141 0.553385 0.870117 0.552083 0.871094 0.552083 0.871094 0.546875 0.870117 0.546875 0.868164 0.544271 0.867188 0.544271 0.866211 0.542969 0.866211 0.541667 0.865234 0.540365 0.865234 0.536458 0.866211 0.535156 0.866211 0.532552 0.867188 0.53125
0 0.831055 0.519531 0.830078 0.520833 0.829102 0.520833 0.826172 0.52474 0.825195 0.52474 0.821289 0.529948 0.820312 0.529948 0.817383 0.533854 0.816406 0.533854 0.81543 0.535156 0.814453 0.535156 0.813477 0.536458 0.8125 0.536458 0.811523 0.53776 0.805664 0.53776 0.804688 0.536458 0.802734 0.536458 0.800781 0.533854 0.799805 0.533854 0.797852 0.53125 0.795898 0.53125 0.794922 0.529948 0.793945 0.529948 0.792969 0.53125 0.791016 0.53125 0.790039 0.532552 0.789062 0.532552 0.788086 0.533854 0.787109 0.533854 0.786133 0.535156 0.785156 0.535156 0.78418 0.536458 0.782227 0.536458 0.78125 0.53776 0.774414 0.53776 0.773438 0.536458 0.768555 0.536458 0.767578 0.53776 0.765625 0.53776 0.764648 0.539062 0.763672 0.539062 0.760742 0.542969 0.759766 0.542969 0.758789 0.544271 0.757812 0.544271 0.756836 0.545573 0.755859 0.545573 0.754883 0.546875 0.753906 0.546875 0.75293 0.548177 0.751953 0.548177 0.750977 0.549479 0.75 0.549479 0.749023 0.550781 0.748047 0.550781 0.74707 0.552083 0.746094 0.552083 0.745117 0.553385 0.744141 0.553385 0.743164 0.554688 0.742188 0.554688 0.740234 0.557292 0.739258 0.557292 0.738281 0.558594 0.737305 0.558594 0.736328 0.559896 0.735352 0.559896 0.734375 0.561198 0.733398 0.561198 0.732422 0.5625 0.731445 0.5625 0.730469 0.563802 0.730469 0.570312 0.731445 0.571615 0.734375 0.571615 0.736328 0.574219 0.738281 0.574219 0.739258 0.575521 0.741211 0.575521 0.742188 0.576823 0.744141 0.576823 0.745117 0.578125 0.766602 0.578125 0.767578 0.576823 0.769531 0.576823 0.770508 0.575521 0.771484 0.575521 0.772461 0.574219 0.776367 0.574219 0.777344 0.572917 0.779297 0.572917 0.780273 0.571615 0.782227 0.571615 0.783203 0.570312 0.786133 0.570312 0.787109 0.56901 0.790039 0.56901 0.791016 0.567708 0.792969 0.567708 0.793945 0.566406 0.795898 0.566406 0.796875 0.565104 0.800781 0.565104 0.802734 0.5625 0.803711 0.5625 0.805664 0.559896 0.806641 0.559896 0.80957 0.55599 0.810547 0.55599 0.814453 0.550781 0.81543 0.550781 0.816406 0.549479 0.817383 0.549479 0.819336 0.546875 0.820312 0.546875 0.822266 0.544271 0.823242 0.544271 0.825195 0.541667 0.826172 0.541667 0.827148 0.540365 0.828125 0.540365 0.829102 0.539062 0.831055 0.539062 0.832031 0.53776 0.833008 0.53776 0.834961 0.535156 0.834961 0.520833 0.833984 0.519531
0 0.866211 0.53125 0.865234 0.532552 0.864258 0.532552 0.862305 0.535156 0.861328 0.535156 0.860352 0.536458 0.858398 0.536458 0.857422 0.53776 0.855469 0.53776 0.854492 0.539062 0.852539 0.539062 0.851562 0.540365 0.850586 0.540365 0.84668 0.535156 0.84375 0.535156 0.842773 0.536458 0.84082 0.536458 0.839844 0.53776 0.838867 0.53776 0.837891 0.539062 0.836914 0.539062 0.835938 0.540365 0.833984 0.540365 0.833008 0.541667 0.829102 0.541667 0.828125 0.542969 0.826172 0.542969 0.825195 0.544271 0.824219 0.544271 0.822266 0.546875 0.821289 0.546875 0.819336 0.549479 0.818359 0.549479 0.817383 0.550781 0.816406 0.550781 0.813477 0.554688 0.8125 0.554688 0.80957 0.558594 0.808594 0.558594 0.806641 0.561198 0.806641 0.570312 0.810547 0.570312 0.811523 0.571615 0.813477 0.571615 0.814453 0.572917 0.817383 0.572917 0.818359 0.574219 0.824219 0.574219 0.825195 0.572917 0.828125 0.572917 0.829102 0.571615 0.831055 0.571615 0.832031 0.570312 0.835938 0.570312 0.836914 0.56901 0.838867 0.56901 0.839844 0.567708 0.84082 0.567708 0.841797 0.566406 0.84375 0.566406 0.844727 0.565104 0.84668 0.565104 0.847656 0.563802 0.848633 0.563802 0.852539 0.558594 0.853516 0.558594 0.854492 0.557292 0.855469 0.557292 0.857422 0.554688 0.861328 0.554688 0.862305 0.553385 0.869141 0.553385 0.870117 0.552083 0.871094 0.552083 0.871094 0.546875 0.870117 0.546875 0.868164 0.544271 0.867188 0.544271 0.866211 0.542969 0.866211 0.541667 0.865234 0.540365 0.865234 0.536458 0.866211 0.535156 0.866211 0.532552 0.867188 0.53125
0 0.831055 0.519531 0.830078 0.520833 0.829102 0.520833 0.826172 0.52474 0.825195 0.52474 0.821289 0.529948 0.820312 0.529948 0.817383 0.533854 0.816406 0.533854 0.81543 0.535156 0.814453 0.535156 0.813477 0.536458 0.8125 0.536458 0.811523 0.53776 0.805664 0.53776 0.804688 0.536458 0.802734 0.536458 0.800781 0.533854 0.799805 0.533854 0.797852 0.53125 0.795898 0.53125 0.794922 0.529948 0.793945 0.529948 0.792969 0.53125 0.791016 0.53125 0.790039 0.532552 0.789062 0.532552 0.788086 0.533854 0.787109 0.533854 0.786133 0.535156 0.785156 0.535156 0.78418 0.536458 0.782227 0.536458 0.78125 0.53776 0.774414 0.53776 0.773438 0.536458 0.768555 0.536458 0.767578 0.53776 0.765625 0.53776 0.764648 0.539062 0.763672 0.539062 0.760742 0.542969 0.759766 0.542969 0.758789 0.544271 0.757812 0.544271 0.756836 0.545573 0.755859 0.545573 0.754883 0.546875 0.753906 0.546875 0.75293 0.548177 0.751953 0.548177 0.750977 0.549479 0.75 0.549479 0.749023 0.550781 0.748047 0.550781 0.74707 0.552083 0.746094 0.552083 0.745117 0.553385 0.744141 0.553385 0.743164 0.554688 0.742188 0.554688 0.740234 0.557292 0.739258 0.557292 0.738281 0.558594 0.737305 0.558594 0.736328 0.559896 0.735352 0.559896 0.734375 0.561198 0.733398 0.561198 0.732422 0.5625 0.731445 0.5625 0.730469 0.563802 0.730469 0.570312 0.731445 0.571615 0.734375 0.571615 0.736328 0.574219 0.738281 0.574219 0.739258 0.575521 0.741211 0.575521 0.742188 0.576823 0.744141 0.576823 0.745117 0.578125 0.766602 0.578125 0.767578 0.576823 0.769531 0.576823 0.770508 0.575521 0.771484 0.575521 0.772461 0.574219 0.776367 0.574219 0.777344 0.572917 0.779297 0.572917 0.780273 0.571615 0.782227 0.571615 0.783203 0.570312 0.786133 0.570312 0.787109 0.56901 0.790039 0.56901 0.791016 0.567708 0.792969 0.567708 0.793945 0.566406 0.795898 0.566406 0.796875 0.565104 0.800781 0.565104 0.802734 0.5625 0.803711 0.5625 0.805664 0.559896 0.806641 0.559896 0.80957 0.55599 0.810547 0.55599 0.814453 0.550781 0.81543 0.550781 0.816406 0.549479 0.817383 0.549479 0.819336 0.546875 0.820312 0.546875 0.822266 0.544271 0.823242 0.544271 0.825195 0.541667 0.826172 0.541667 0.827148 0.540365 0.828125 0.540365 0.829102 0.539062 0.831055 0.539062 0.832031 0.53776 0.833008 0.53776 0.834961 0.535156 0.834961 0.520833 0.833984 0.519531
0 0.866211 0.53125 0.865234 0.532552 0.864258 0.532552 0.862305 0.535156 0.861328 0.535156 0.860352 0.536458 0.858398 0.536458 0.857422 0.53776 0.855469 0.53776 0.854492 0.539062 0.852539 0.539062 0.851562 0.540365 0.850586 0.540365 0.84668 0.535156 0.84375 0.535156 0.842773 0.536458 0.84082 0.536458 0.839844 0.53776 0.838867 0.53776 0.837891 0.539062 0.836914 0.539062 0.835938 0.540365 0.833984 0.540365 0.833008 0.541667 0.829102 0.541667 0.828125 0.542969 0.826172 0.542969 0.825195 0.544271 0.824219 0.544271 0.822266 0.546875 0.821289 0.546875 0.819336 0.549479 0.818359 0.549479 0.817383 0.550781 0.816406 0.550781 0.813477 0.554688 0.8125 0.554688 0.80957 0.558594 0.808594 0.558594 0.806641 0.561198 0.806641 0.570312 0.810547 0.570312 0.811523 0.571615 0.813477 0.571615 0.814453 0.572917 0.817383 0.572917 0.818359 0.574219 0.824219 0.574219 0.825195 0.572917 0.828125 0.572917 0.829102 0.571615 0.831055 0.571615 0.832031 0.570312 0.835938 0.570312 0.836914 0.56901 0.838867 0.56901 0.839844 0.567708 0.84082 0.567708 0.841797 0.566406 0.84375 0.566406 0.844727 0.565104 0.84668 0.565104 0.847656 0.563802 0.848633 0.563802 0.852539 0.558594 0.853516 0.558594 0.854492 0.557292 0.855469 0.557292 0.857422 0.554688 0.861328 0.554688 0.862305 0.553385 0.869141 0.553385 0.870117 0.552083 0.871094 0.552083 0.871094 0.546875 0.870117 0.546875 0.868164 0.544271 0.867188 0.544271 0.866211 0.542969 0.866211 0.541667 0.865234 0.540365 0.865234 0.536458 0.866211 0.535156 0.866211 0.532552 0.867188 0.53125
0 0.831055 0.519531 0.830078 0.520833 0.829102 0.520833 0.826172 0.52474 0.825195 0.52474 0.821289 0.529948 0.820312 0.529948 0.817383 0.533854 0.816406 0.533854 0.81543 0.535156 0.814453 0.535156 0.813477 0.536458 0.8125 0.536458 0.811523 0.53776 0.805664 0.53776 0.804688 0.536458 0.802734 0.536458 0.800781 0.533854 0.799805 0.533854 0.797852 0.53125 0.795898 0.53125 0.794922 0.529948 0.793945 0.529948 0.792969 0.53125 0.791016 0.53125 0.790039 0.532552 0.789062 0.532552 0.788086 0.533854 0.787109 0.533854 0.786133 0.535156 0.785156 0.535156 0.78418 0.536458 0.782227 0.536458 0.78125 0.53776 0.774414 0.53776 0.773438 0.536458 0.768555 0.536458 0.767578 0.53776 0.765625 0.53776 0.764648 0.539062 0.763672 0.539062 0.760742 0.542969 0.759766 0.542969 0.758789 0.544271 0.757812 0.544271 0.756836 0.545573 0.755859 0.545573 0.754883 0.546875 0.753906 0.546875 0.75293 0.548177 0.751953 0.548177 0.750977 0.549479 0.75 0.549479 0.749023 0.550781 0.748047 0.550781 0.74707 0.552083 0.746094 0.552083 0.745117 0.553385 0.744141 0.553385 0.743164 0.554688 0.742188 0.554688 0.740234 0.557292 0.739258 0.557292 0.738281 0.558594 0.737305 0.558594 0.736328 0.559896 0.735352 0.559896 0.734375 0.561198 0.733398 0.561198 0.732422 0.5625 0.731445 0.5625 0.730469 0.563802 0.730469 0.570312 0.731445 0.571615 0.734375 0.571615 0.736328 0.574219 0.738281 0.574219 0.739258 0.575521 0.741211 0.575521 0.742188 0.576823 0.744141 0.576823 0.745117 0.578125 0.766602 0.578125 0.767578 0.576823 0.769531 0.576823 0.770508 0.575521 0.771484 0.575521 0.772461 0.574219 0.776367 0.574219 0.777344 0.572917 0.779297 0.572917 0.780273 0.571615 0.782227 0.571615 0.783203 0.570312 0.786133 0.570312 0.787109 0.56901 0.790039 0.56901 0.791016 0.567708 0.792969 0.567708 0.793945 0.566406 0.795898 0.566406 0.796875 0.565104 0.800781 0.565104 0.802734 0.5625 0.803711 0.5625 0.805664 0.559896 0.806641 0.559896 0.80957 0.55599 0.810547 0.55599 0.814453 0.550781 0.81543 0.550781 0.816406 0.549479 0.817383 0.549479 0.819336 0.546875 0.820312 0.546875 0.822266 0.544271 0.823242 0.544271 0.825195 0.541667 0.826172 0.541667 0.827148 0.540365 0.828125 0.540365 0.829102 0.539062 0.831055 0.539062 0.832031 0.53776 0.833008 0.53776 0.834961 0.535156 0.834961 0.520833 0.833984 0.519531
0 0.866211 0.53125 0.865234 0.532552 0.864258 0.532552 0.862305 0.535156 0.861328 0.535156 0.860352 0.536458 0.858398 0.536458 0.857422 0.53776 0.855469 0.53776 0.854492 0.539062 0.852539 0.539062 0.851562 0.540365 0.850586 0.540365 0.84668 0.535156 0.84375 0.535156 0.842773 0.536458 0.84082 0.536458 0.839844 0.53776 0.838867 0.53776 0.837891 0.539062 0.836914 0.539062 0.835938 0.540365 0.833984 0.540365 0.833008 0.541667 0.829102 0.541667 0.828125 0.542969 0.826172 0.542969 0.825195 0.544271 0.824219 0.544271 0.822266 0.546875 0.821289 0.546875 0.819336 0.549479 0.818359 0.549479 0.817383 0.550781 0.816406 0.550781 0.813477 0.554688 0.8125 0.554688 0.80957 0.558594 0.808594 0.558594 0.806641 0.561198 0.806641 0.570312 0.810547 0.570312 0.811523 0.571615 0.813477 0.571615 0.814453 0.572917 0.817383 0.572917 0.818359 0.574219 0.824219 0.574219 0.825195 0.572917 0.828125 0.572917 0.829102 0.571615 0.831055 0.571615 0.832031 0.570312 0.835938 0.570312 0.836914 0.56901 0.838867 0.56901 0.839844 0.567708 0.84082 0.567708 0.841797 0.566406 0.84375 0.566406 0.844727 0.565104 0.84668 0.565104 0.847656 0.563802 0.848633 0.563802 0.852539 0.558594 0.853516 0.558594 0.854492 0.557292 0.855469 0.557292 0.857422 0.554688 0.861328 0.554688 0.862305 0.553385 0.869141 0.553385 0.870117 0.552083 0.871094 0.552083 0.871094 0.546875 0.870117 0.546875 0.868164 0.544271 0.867188 0.544271 0.866211 0.542969 0.866211 0.541667 0.865234 0.540365 0.865234 0.536458 0.866211 0.535156 0.866211 0.532552 0.867188 0.53125
0 0.831055 0.519531 0.830078 0.520833 0.829102 0.520833 0.826172 0.52474 0.825195 0.52474 0.821289 0.529948 0.820312 0.529948 0.817383 0.533854 0.816406 0.533854 0.81543 0.535156 0.814453 0.535156 0.813477 0.536458 0.8125 0.536458 0.811523 0.53776 0.805664 0.53776 0.804688 0.536458 0.802734 0.536458 0.800781 0.533854 0.799805 0.533854 0.797852 0.53125 0.795898 0.53125 0.794922 0.529948 0.793945 0.529948 0.792969 0.53125 0.791016 0.53125 0.790039 0.532552 0.789062 0.532552 0.788086 0.533854 0.787109 0.533854 0.786133 0.535156 0.785156 0.535156 0.78418 0.536458 0.782227 0.536458 0.78125 0.53776 0.774414 0.53776 0.773438 0.536458 0.768555 0.536458 0.767578 0.53776 0.765625 0.53776 0.764648 0.539062 0.763672 0.539062 0.760742 0.542969 0.759766 0.542969 0.758789 0.544271 0.757812 0.544271 0.756836 0.545573 0.755859 0.545573 0.754883 0.546875 0.753906 0.546875 0.75293 0.548177 0.751953 0.548177 0.750977 0.549479 0.75 0.549479 0.749023 0.550781 0.748047 0.550781 0.74707 0.552083 0.746094 0.552083 0.745117 0.553385 0.744141 0.553385 0.743164 0.554688 0.742188 0.554688 0.740234 0.557292 0.739258 0.557292 0.738281 0.558594 0.737305 0.558594 0.736328 0.559896 0.735352 0.559896 0.734375 0.561198 0.733398 0.561198 0.732422 0.5625 0.731445 0.5625 0.730469 0.563802 0.730469 0.570312 0.731445 0.571615 0.734375 0.571615 0.736328 0.574219 0.738281 0.574219 0.739258 0.575521 0.741211 0.575521 0.742188 0.576823 0.744141 0.576823 0.745117 0.578125 0.766602 0.578125 0.767578 0.576823 0.769531 0.576823 0.770508 0.575521 0.771484 0.575521 0.772461 0.574219 0.776367 0.574219 0.777344 0.572917 0.779297 0.572917 0.780273 0.571615 0.782227 0.571615 0.783203 0.570312 0.786133 0.570312 0.787109 0.56901 0.790039 0.56901 0.791016 0.567708 0.792969 0.567708 0.793945 0.566406 0.795898 0.566406 0.796875 0.565104 0.800781 0.565104 0.802734 0.5625 0.803711 0.5625 0.805664 0.559896 0.806641 0.559896 0.80957 0.55599 0.810547 0.55599 0.814453 0.550781 0.81543 0.550781 0.816406 0.549479 0.817383 0.549479 0.819336 0.546875 0.820312 0.546875 0.822266 0.544271 0.823242 0.544271 0.825195 0.541667 0.826172 0.541667 0.827148 0.540365 0.828125 0.540365 0.829102 0.539062 0.831055 0.539062 0.832031 0.53776 0.833008 0.53776 0.834961 0.535156 0.834961 0.520833 0.833984 0.519531
0 0.866211 0.53125 0.865234 0.532552 0.864258 0.532552 0.862305 0.535156 0.861328 0.535156 0.860352 0.536458 0.858398 0.536458 0.857422 0.53776 0.855469 0.53776 0.854492 0.539062 0.852539 0.539062 0.851562 0.540365 0.850586 0.540365 0.84668 0.535156 0.84375 0.535156 0.842773 0.536458 0.84082 0.536458 0.839844 0.53776 0.838867 0.53776 0.837891 0.539062 0.836914 0.539062 0.835938 0.540365 0.833984 0.540365 0.833008 0.541667 0.829102 0.541667 0.828125 0.542969 0.826172 0.542969 0.825195 0.544271 0.824219 0.544271 0.822266 0.546875 0.821289 0.546875 0.819336 0.549479 0.818359 0.549479 0.817383 0.550781 0.816406 0.550781 0.813477 0.554688 0.8125 0.554688 0.80957 0.558594 0.808594 0.558594 0.806641 0.561198 0.806641 0.570312 0.810547 0.570312 0.811523 0.571615 0.813477 0.571615 0.814453 0.572917 0.817383 0.572917 0.818359 0.574219 0.824219 0.574219 0.825195 0.572917 0.828125 0.572917 0.829102 0.571615 0.831055 0.571615 0.832031 0.570312 0.835938 0.570312 0.836914 0.56901 0.838867 0.56901 0.839844 0.567708 0.84082 0.567708 0.841797 0.566406 0.84375 0.566406 0.844727 0.565104 0.84668 0.565104 0.847656 0.563802 0.848633 0.563802 0.852539 0.558594 0.853516 0.558594 0.854492 0.557292 0.855469 0.557292 0.857422 0.554688 0.861328 0.554688 0.862305 0.553385 0.869141 0.553385 0.870117 0.552083 0.871094 0.552083 0.871094 0.546875 0.870117 0.546875 0.868164 0.544271 0.867188 0.544271 0.866211 0.542969 0.866211 0.541667 0.865234 0.540365 0.865234 0.536458 0.866211 0.535156 0.866211 0.532552 0.867188 0.53125
0 0.831055 0.519531 0.830078 0.520833 0.829102 0.520833 0.826172 0.52474 0.825195 0.52474 0.821289 0.529948 0.820312 0.529948 0.817383 0.533854 0.816406 0.533854 0.81543 0.535156 0.814453 0.535156 0.813477 0.536458 0.8125 0.536458 0.811523 0.53776 0.805664 0.53776 0.804688 0.536458 0.802734 0.536458 0.800781 0.533854 0.799805 0.533854 0.797852 0.53125 0.795898 0.53125 0.794922 0.529948 0.793945 0.529948 0.792969 0.53125 0.791016 0.53125 0.790039 0.532552 0.789062 0.532552 0.788086 0.533854 0.787109 0.533854 0.786133 0.535156 0.785156 0.535156 0.78418 0.536458 0.782227 0.536458 0.78125 0.53776 0.774414 0.53776 0.773438 0.536458 0.768555 0.536458 0.767578 0.53776 0.765625 0.53776 0.764648 0.539062 0.763672 0.539062 0.760742 0.542969 0.759766 0.542969 0.758789 0.544271 0.757812 0.544271 0.756836 0.545573 0.755859 0.545573 0.754883 0.546875 0.753906 0.546875 0.75293 0.548177 0.751953 0.548177 0.750977 0.549479 0.75 0.549479 0.749023 0.550781 0.748047 0.550781 0.74707 0.552083 0.746094 0.552083 0.745117 0.553385 0.744141 0.553385 0.743164 0.554688 0.742188 0.554688 0.740234 0.557292 0.739258 0.557292 0.738281 0.558594 0.737305 0.558594 0.736328 0.559896 0.735352 0.559896 0.734375 0.561198 0.733398 0.561198 0.732422 0.5625 0.731445 0.5625 0.730469 0.563802 0.730469 0.570312 0.731445 0.571615 0.734375 0.571615 0.736328 0.574219 0.738281 0.574219 0.739258 0.575521 0.741211 0.575521 0.742188 0.576823 0.744141 0.576823 0.745117 0.578125 0.766602 0.578125 0.767578 0.576823 0.769531 0.576823 0.770508 0.575521 0.771484 0.575521 0.772461 0.574219 0.776367 0.574219 0.777344 0.572917 0.779297 0.572917 0.780273 0.571615 0.782227 0.571615 0.783203 0.570312 0.786133 0.570312 0.787109 0.56901 0.790039 0.56901 0.791016 0.567708 0.792969 0.567708 0.793945 0.566406 0.795898 0.566406 0.796875 0.565104 0.800781 0.565104 0.802734 0.5625 0.803711 0.5625 0.805664 0.559896 0.806641 0.559896 0.80957 0.55599 0.810547 0.55599 0.814453 0.550781 0.81543 0.550781 0.816406 0.549479 0.817383 0.549479 0.819336 0.546875 0.820312 0.546875 0.822266 0.544271 0.823242 0.544271 0.825195 0.541667 0.826172 0.541667 0.827148 0.540365 0.828125 0.540365 0.829102 0.539062 0.831055 0.539062 0.832031 0.53776 0.833008 0.53776 0.834961 0.535156 0.834961 0.520833 0.833984 0.519531
0 0.866211 0.53125 0.865234 0.532552 0.864258 0.532552 0.862305 0.535156 0.861328 0.535156 0.860352 0.536458 0.858398 0.536458 0.857422 0.53776 0.855469 0.53776 0.854492 0.539062 0.852539 0.539062 0.851562 0.540365 0.850586 0.540365 0.84668 0.535156 0.84375 0.535156 0.842773 0.536458 0.84082 0.536458 0.839844 0.53776 0.838867 0.53776 0.837891 0.539062 0.836914 0.539062 0.835938 0.540365 0.833984 0.540365 0.833008 0.541667 0.829102 0.541667 0.828125 0.542969 0.826172 0.542969 0.825195 0.544271 0.824219 0.544271 0.822266 0.546875 0.821289 0.546875 0.819336 0.549479 0.818359 0.549479 0.817383 0.550781 0.816406 0.550781 0.813477 0.554688 0.8125 0.554688 0.80957 0.558594 0.808594 0.558594 0.806641 0.561198 0.806641 0.570312 0.810547 0.570312 0.811523 0.571615 0.813477 0.571615 0.814453 0.572917 0.817383 0.572917 0.818359 0.574219 0.824219 0.574219 0.825195 0.572917 0.828125 0.572917 0.829102 0.571615 0.831055 0.571615 0.832031 0.570312 0.835938 0.570312 0.836914 0.56901 0.838867 0.56901 0.839844 0.567708 0.84082 0.567708 0.841797 0.566406 0.84375 0.566406 0.844727 0.565104 0.84668 0.565104 0.847656 0.563802 0.848633 0.563802 0.852539 0.558594 0.853516 0.558594 0.854492 0.557292 0.855469 0.557292 0.857422 0.554688 0.861328 0.554688 0.862305 0.553385 0.869141 0.553385 0.870117 0.552083 0.871094 0.552083 0.871094 0.546875 0.870117 0.546875 0.868164 0.544271 0.867188 0.544271 0.866211 0.542969 0.866211 0.541667 0.865234 0.540365 0.865234 0.536458 0.866211 0.535156 0.866211 0.532552 0.867188 0.53125
0 0.831055 0.519531 0.830078 0.520833 0.829102 0.520833 0.826172 0.52474 0.825195 0.52474 0.821289 0.529948 0.820312 0.529948 0.817383 0.533854 0.816406 0.533854 0.81543 0.535156 0.814453 0.535156 0.813477 0.536458 0.8125 0.536458 0.811523 0.53776 0.805664 0.53776 0.804688 0.536458 0.802734 0.536458 0.800781 0.533854 0.799805 0.533854 0.797852 0.53125 0.795898 0.53125 0.794922 0.529948 0.793945 0.529948 0.792969 0.53125 0.791016 0.53125 0.790039 0.532552 0.789062 0.532552 0.788086 0.533854 0.787109 0.533854 0.786133 0.535156 0.785156 0.535156 0.78418 0.536458 0.782227 0.536458 0.78125 0.53776 0.774414 0.53776 0.773438 0.536458 0.768555 0.536458 0.767578 0.53776 0.765625 0.53776 0.764648 0.539062 0.763672 0.539062 0.760742 0.542969 0.759766 0.542969 0.758789 0.544271 0.757812 0.544271 0.756836 0.545573 0.755859 0.545573 0.754883 0.546875 0.753906 0.546875 0.75293 0.548177 0.751953 0.548177 0.750977 0.549479 0.75 0.549479 0.749023 0.550781 0.748047 0.550781 0.74707 0.552083 0.746094 0.552083 0.745117 0.553385 0.744141 0.553385 0.743164 0.554688 0.742188 0.554688 0.740234 0.557292 0.739258 0.557292 0.738281 0.558594 0.737305 0.558594 0.736328 0.559896 0.735352 0.559896 0.734375 0.561198 0.733398 0.561198 0.732422 0.5625 0.731445 0.5625 0.730469 0.563802 0.730469 0.570312 0.731445 0.571615 0.734375 0.571615 0.736328 0.574219 0.738281 0.574219 0.739258 0.575521 0.741211 0.575521 0.742188 0.576823 0.744141 0.576823 0.745117 0.578125 0.766602 0.578125 0.767578 0.576823 0.769531 0.576823 0.770508 0.575521 0.771484 0.575521 0.772461 0.574219 0.776367 0.574219 0.777344 0.572917 0.779297 0.572917 0.780273 0.571615 0.782227 0.571615 0.783203 0.570312 0.786133 0.570312 0.787109 0.56901 0.790039 0.56901 0.791016 0.567708 0.792969 0.567708 0.793945 0.566406 0.795898 0.566406 0.796875 0.565104 0.800781 0.565104 0.802734 0.5625 0.803711 0.5625 0.805664 0.559896 0.806641 0.559896 0.80957 0.55599 0.810547 0.55599 0.814453 0.550781 0.81543 0.550781 0.816406 0.549479 0.817383 0.549479 0.819336 0.546875 0.820312 0.546875 0.822266 0.544271 0.823242 0.544271 0.825195 0.541667 0.826172 0.541667 0.827148 0.540365 0.828125 0.540365 0.829102 0.539062 0.831055 0.539062 0.832031 0.53776 0.833008 0.53776 0.834961 0.535156 0.834961 0.520833 0.833984 0.519531
0 0.866211 0.53125 0.865234 0.532552 0.864258 0.532552 0.862305 0.535156 0.861328 0.535156 0.860352 0.536458 0.858398 0.536458 0.857422 0.53776 0.855469 0.53776 0.854492 0.539062 0.852539 0.539062 0.851562 0.540365 0.850586 0.540365 0.84668 0.535156 0.84375 0.535156 0.842773 0.536458 0.84082 0.536458 0.839844 0.53776 0.838867 0.53776 0.837891 0.539062 0.836914 0.539062 0.835938 0.540365 0.833984 0.540365 0.833008 0.541667 0.829102 0.541667 0.828125 0.542969 0.826172 0.542969 0.825195 0.544271 0.824219 0.544271 0.822266 0.546875 0.821289 0.546875 0.819336 0.549479 0.818359 0.549479 0.817383 0.550781 0.816406 0.550781 0.813477 0.554688 0.8125 0.554688 0.80957 0.558594 0.808594 0.558594 0.806641 0.561198 0.806641 0.570312 0.810547 0.570312 0.811523 0.571615 0.813477 0.571615 0.814453 0.572917 0.817383 0.572917 0.818359 0.574219 0.824219 0.574219 0.825195 0.572917 0.828125 0.572917 0.829102 0.571615 0.831055 0.571615 0.832031 0.570312 0.835938 0.570312 0.836914 0.56901 0.838867 0.56901 0.839844 0.567708 0.84082 0.567708 0.841797 0.566406 0.84375 0.566406 0.844727 0.565104 0.84668 0.565104 0.847656 0.563802 0.848633 0.563802 0.852539 0.558594 0.853516 0.558594 0.854492 0.557292 0.855469 0.557292 0.857422 0.554688 0.861328 0.554688 0.862305 0.553385 0.869141 0.553385 0.870117 0.552083 0.871094 0.552083 0.871094 0.546875 0.870117 0.546875 0.868164 0.544271 0.867188 0.544271 0.866211 0.542969 0.866211 0.541667 0.865234 0.540365 0.865234 0.536458 0.866211 0.535156 0.866211 0.532552 0.867188 0.53125
