0 0.175781 0.481771 0.175781 0.489583 0.176758 0.490885 0.176758 0.49349 0.175781 0.494792 0.175781 0.501302 0.174805 0.502604 0.174805 0.50651 0.173828 0.507812 0.173828 0.509115 0.172852 0.510417 0.172852 0.511719 0.171875 0.513021 0.171875 0.514323 0.169922 0.516927 0.169922 0.522135 0.171875 0.519531 0.172852 0.519531 0.173828 0.518229 0.174805 0.518229 0.175781 0.516927 0.177734 0.516927 0.178711 0.515625 0.180664 0.515625 0.181641 0.514323 0.186523 0.514323 0.189453 0.518229 0.189453 0.519531 0.193359 0.52474 0.194336 0.52474 0.196289 0.527344 0.197266 0.527344 0.198242 0.528646 0.200195 0.528646 0.201172 0.529948 0.202148 0.529948 0.203125 0.53125 0.204102 0.53125 0.205078 0.532552 0.216797 0.532552 0.217773 0.53125 0.21875 0.53125 0.220703 0.528646 0.22168 0.528646 0.224609 0.52474 0.224609 0.523438 0.226562 0.520833 0.226562 0.511719 0.224609 0.509115 0.224609 0.507812 0.222656 0.505208 0.222656 0.503906 0.220703 0.501302 0.220703 0.5 0.217773 0.496094 0.216797 0.496094 0.21582 0.494792 0.214844 0.494792 0.213867 0.49349 0.212891 0.49349 0.211914 0.492188 0.209961 0.492188 0.208984 0.490885 0.208008 0.490885 0.207031 0.489583 0.203125 0.489583 0.202148 0.490885 0.201172 0.490885 0.199219 0.49349 0.193359 0.49349 0.192383 0.492188 0.185547 0.492188 0.18457 0.490885 0.183594 0.490885 0.178711 0.484375 0.177734 0.484375 0.176758 0.483073 0.176758 0.481771
0 0.239258 0.47526 0.239258 0.490885 0.238281 0.492188 0.238281 0.497396 0.237305 0.498698 0.237305 0.502604 0.236328 0.503906 0.236328 0.50651 0.235352 0.507812 0.235352 0.513021 0.236328 0.513021 0.237305 0.511719 0.239258 0.511719 0.240234 0.513021 0.240234 0.516927 0.241211 0.518229 0.241211 0.523438 0.242188 0.52474 0.242188 0.526042 0.244141 0.528646 0.250977 0.528646 0.251953 0.527344 0.25293 0.527344 0.256836 0.522135 0.256836 0.520833 0.258789 0.518229 0.258789 0.516927 0.259766 0.515625 0.259766 0.513021 0.260742 0.511719 0.260742 0.497396 0.259766 0.496094 0.259766 0.49349 0.258789 0.492188 0.258789 0.490885 0.257812 0.489583 0.257812 0.488281 0.256836 0.486979 0.256836 0.485677 0.255859 0.485677 0.254883 0.484375 0.25293 0.484375 0.250977 0.486979 0.24707 0.486979 0.244141 0.483073 0.244141 0.481771 0.243164 0.480469 0.243164 0.47526
0 0.175781 0.481771 0.175781 0.489583 0.176758 0.490885 0.176758 0.49349 0.175781 0.494792 0.175781 0.501302 0.174805 0.502604 0.174805 0.50651 0.173828 0.507812 0.173828 0.509115 0.172852 0.510417 0.172852 0.511719 0.171875 0.513021 0.171875 0.514323 0.169922 0.516927 0.169922 0.522135 0.171875 0.519531 0.172852 0.519531 0.173828 0.518229 0.174805 0.518229 0.175781 0.516927 0.177734 0.516927 0.178711 0.515625 0.180664 0.515625 0.181641 0.514323 0.186523 0.514323 0.189453 0.518229 0.189453 0.519531 0.193359 0.52474 0.194336 0.52474 0.196289 0.527344 0.197266 0.527344 0.198242 0.528646 0.200195 0.528646 0.201172 0.529948 0.202148 0.529948 0.203125 0.53125 0.204102 0.53125 0.205078 0.532552 0.216797 0.532552 0.217773 0.53125 0.21875 0.53125 0.220703 0.528646 0.22168 0.528646 0.224609 0.52474 0.224609 0.523438 0.226562 0.520833 0.226562 0.511719 0.224609 0.509115 0.224609 0.507812 0.222656 0.505208 0.222656 0.503906 0.220703 0.501302 0.220703 0.5 0.217773 0.496094 0.216797 0.496094 0.21582 0.494792 0.214844 0.494792 0.213867 0.49349 0.212891 0.49349 0.211914 0.492188 0.209961 0.492188 0.208984 0.490885 0.208008 0.490885 0.207031 0.489583 0.203125 0.489583 0.202148 0.490885 0.201172 0.490885 0.199219 0.49349 0.193359 0.49349 0.192383 0.492188 0.185547 0.492188 0.18457 0.490885 0.183594 0.490885 0.178711 0.484375 0.177734 0.484375 0.176758 0.483073 0.176758 0.481771
0 0.239258 0.47526 0.239258 0.490885 0.238281 0.492188 0.238281 0.497396 0.237305 0.498698 0.237305 0.502604 0.236328 0.503906 0.236328 0.50651 0.235352 0.507812 0.235352 0.513021 0.236328 0.513021 0.237305 0.511719 0.239258 0.511719 0.240234 0.513021 0.240234 0.516927 0.241211 0.518229 0.241211 0.523438 0.242188 0.52474 0.242188 0.526042 0.244141 0.528646 0.250977 0.528646 0.251953 0.527344 0.25293 0.527344 0.256836 0.522135 0.256836 0.520833 0.258789 0.518229 0.258789 0.516927 0.259766 0.515625 0.259766 0.513021 0.260742 0.511719 0.260742 0.497396 0.259766 0.496094 0.259766 0.49349 0.258789 0.492188 0.258789 0.490885 0.257812 0.489583 0.257812 0.488281 0.256836 0.486979 0.256836 0.485677 0.255859 0.485677 0.254883 0.484375 0.25293 0.484375 0.250977 0.486979 0.24707 0.486979 0.244141 0.483073 0.244141 0.481771 0.243164 0.480469 0.243164 0.47526
0 0.175781 0.481771 0.175781 0.489583 0.176758 0.490885 0.176758 0.49349 0.175781 0.494792 0.175781 0.501302 0.174805 0.502604 0.174805 0.50651 0.173828 0.507812 0.173828 0.509115 0.172852 0.510417 0.172852 0.511719 0.171875 0.513021 0.171875 0.514323 0.169922 0.516927 0.169922 0.522135 0.171875 0.519531 0.172852 0.519531 0.173828 0.518229 0.174805 0.518229 0.175781 0.516927 0.177734 0.516927 0.178711 0.515625 0.180664 0.515625 0.181641 0.514323 0.186523 0.514323 0.189453 0.518229 0.189453 0.519531 0.193359 0.52474 0.194336 0.52474 0.196289 0.527344 0.197266 0.527344 0.198242 0.528646 0.200195 0.528646 0.201172 0.529948 0.202148 0.529948 0.203125 0.53125 0.204102 0.53125 0.205078 0.532552 0.216797 0.532552 0.217773 0.53125 0.21875 0.53125 0.220703 0.528646 0.22168 0.528646 0.224609 0.52474 0.224609 0.523438 0.226562 0.520833 0.226562 0.511719 0.224609 0.509115 0.224609 0.507812 0.222656 0.505208 0.222656 0.503906 0.220703 0.501302 0.220703 0.5 0.217773 0.496094 0.216797 0.496094 0.21582 0.494792 0.214844 0.494792 0.213867 0.49349 0.212891 0.49349 0.211914 0.492188 0.209961 0.492188 0.208984 0.490885 0.208008 0.490885 0.207031 0.489583 0.203125 0.489583 0.202148 0.490885 0.201172 0.490885 0.199219 0.49349 0.193359 0.49349 0.192383 0.492188 0.185547 0.492188 0.18457 0.490885 0.183594 0.490885 0.178711 0.484375 0.177734 0.484375 0.176758 0.483073 0.176758 0.481771
0 0.239258 0.47526 0.239258 0.490885 0.238281 0.492188 0.238281 0.497396 0.237305 0.498698 0.237305 0.502604 0.236328 0.503906 0.236328 0.50651 0.235352 0.507812 0.235352 0.513021 0.236328 0.513021 0.237305 0.511719 0.239258 0.511719 0.240234 0.513021 0.240234 0.516927 0.241211 0.518229 0.241211 0.523438 0.242188 0.52474 0.242188 0.526042 0.244141 0.528646 0.250977 0.528646 0.251953 0.527344 0.25293 0.527344 0.256836 0.522135 0.256836 0.520833 0.258789 0.518229 0.258789 0.516927 0.259766 0.515625 0.259766 0.513021 0.260742 0.511719 0.260742 0.497396 0.259766 0.496094 0.259766 0.49349 0.258789 0.492188 0.258789 0.490885 0.257812 0.489583 0.257812 0.488281 0.256836 0.486979 0.256836 0.485677 0.255859 0.485677 0.254883 0.484375 0.25293 0.484375 0.250977 0.486979 0.24707 0.486979 0.244141 0.483073 0.244141 0.481771 0.243164 0.480469 0.243164 0.47526
0 0.175781 0.481771 0.175781 0.489583 0.176758 0.490885 0.176758 0.49349 0.175781 0.494792 0.175781 0.501302 0.174805 0.502604 0.174805 0.50651 0.173828 0.507812 0.173828 0.509115 0.172852 0.510417 0.172852 0.511719 0.171875 0.513021 0.171875 0.514323 0.169922 0.516927 0.169922 0.522135 0.171875 0.519531 0.172852 0.519531 0.173828 0.518229 0.174805 0.518229 0.175781 0.516927 0.177734 0.516927 0.178711 0.515625 0.180664 0.515625 0.181641 0.514323 0.186523 0.514323 0.189453 0.518229 0.189453 0.519531 0.193359 0.52474 0.194336 0.52474 0.196289 0.527344 0.197266 0.527344 0.198242 0.528646 0.200195 0.528646 0.201172 0.529948 0.202148 0.529948 0.203125 0.53125 0.204102 0.53125 0.205078 0.532552 0.216797 0.532552 0.217773 0.53125 0.21875 0.53125 0.220703 0.528646 0.22168 0.528646 0.224609 0.52474 0.224609 0.523438 0.226562 0.520833 0.226562 0.511719 0.224609 0.509115 0.224609 0.507812 0.222656 0.505208 0.222656 0.503906 0.220703 0.501302 0.220703 0.5 0.217773 0.496094 0.216797 0.496094 0.21582 0.494792 0.214844 0.494792 0.213867 0.49349 0.212891 0.49349 0.211914 0.492188 0.209961 0.492188 0.208984 0.490885 0.208008 0.490885 0.207031 0.489583 0.203125 0.489583 0.202148 0.490885 0.201172 0.490885 0.199219 0.49349 0.193359 0.49349 0.192383 0.492188 0.185547 0.492188 0.18457 0.490885 0.183594 0.490885 0.178711 0.484375 0.177734 0.484375 0.176758 0.483073 0.176758 0.481771
0 0.239258 0.47526 0.239258 0.490885 0.238281 0.492188 0.238281 0.497396 0.237305 0.498698 0.237305 0.502604 0.236328 0.503906 0.236328 0.50651 0.235352 0.507812 0.235352 0.513021 0.236328 0.513021 0.237305 0.511719 0.239258 0.511719 0.240234 0.513021 0.240234 0.516927 0.241211 0.518229 0.241211 0.523438 0.242188 0.52474 0.242188 0.526042 0.244141 0.528646 0.250977 0.528646 0.251953 0.527344 0.25293 0.527344 0.256836 0.522135 0.256836 0.520833 0.258789 0.518229 0.258789 0.516927 0.259766 0.515625 0.259766 0.513021 0.260742 0.511719 0.260742 0.497396 0.259766 0.496094 0.259766 0.49349 0.258789 0.492188 0.258789 0.490885 0.257812 0.489583 0.257812 0.488281 0.256836 0.486979 0.256836 0.485677 0.255859 0.485677 0.254883 0.484375 0.25293 0.484375 0.250977 0.486979 0.24707 0.486979 0.244141 0.483073 0.244141 0.481771 0.243164 0.480469 0.243164 0.47526
0 0.175781 0.481771 0.175781 0.489583 0.176758 0.490885 0.176758 0.49349 0.175781 0.494792 0.175781 0.501302 0.174805 0.502604 0.174805 0.50651 0.173828 0.507812 0.173828 0.509115 0.172852 0.510417 0.172852 0.511719 0.171875 0.513021 0.171875 0.514323 0.169922 0.516927 0.169922 0.522135 0.171875 0.519531 0.172852 0.519531 0.173828 0.518229 0.174805 0.518229 0.175781 0.516927 0.177734 0.516927 0.178711 0.515625 0.180664 0.515625 0.181641 0.514323 0.186523 0.514323 0.189453 0.518229 0.189453 0.519531 0.193359 0.52474 0.194336 0.52474 0.196289 0.527344 0.197266 0.527344 0.198242 0.528646 0.200195 0.528646 0.201172 0.529948 0.202148 0.529948 0.203125 0.53125 0.204102 0.53125 0.205078 0.532552 0.216797 0.532552 0.217773 0.53125 0.21875 0.53125 0.220703 0.528646 0.22168 0.528646 0.224609 0.52474 0.224609 0.523438 0.226562 0.520833 0.226562 0.511719 0.224609 0.509115 0.224609 0.507812 0.222656 0.505208 0.222656 0.503906 0.220703 0.501302 0.220703 0.5 0.217773 0.496094 0.216797 0.496094 0.21582 0.494792 0.214844 0.494792 0.213867 0.49349 0.212891 0.49349 0.211914 0.492188 0.209961 0.492188 0.208984 0.490885 0.208008 0.490885 0.207031 0.489583 0.203125 0.489583 0.202148 0.490885 0.201172 0.490885 0.199219 0.49349 0.193359 0.49349 0.192383 0.492188 0.185547 0.492188 0.18457 0.490885 0.183594 0.490885 0.178711 0.484375 0.177734 0.484375 0.176758 0.483073 0.176758 0.481771
0 0.239258 0.47526 0.239258 0.490885 0.238281 0.492188 0.238281 0.497396 0.237305 0.498698 0.237305 0.502604 0.236328 0.503906 0.236328 0.50651 0.235352 0.507812 0.235352 0.513021 0.236328 0.513021 0.237305 0.511719 0.239258 0.511719 0.240234 0.513021 0.240234 0.516927 0.241211 0.518229 0.241211 0.523438 0.242188 0.52474 0.242188 0.526042 0.244141 0.528646 0.250977 0.528646 0.251953 0.527344 0.25293 0.527344 0.256836 0.522135 0.256836 0.520833 0.258789 0.518229 0.258789 0.516927 0.259766 0.515625 0.259766 0.513021 0.260742 0.511719 0.260742 0.497396 0.259766 0.496094 0.259766 0.49349 0.258789 0.492188 0.258789 0.490885 0.257812 0.489583 0.257812 0.488281 0.256836 0.486979 0.256836 0.485677 0.255859 0.485677 0.254883 0.484375 0.25293 0.484375 0.250977 0.486979 0.24707 0.486979 0.244141 0.483073 0.244141 0.481771 0.243164 0.480469 0.243164 0.47526
