0 0.69043 0.527344 0.69043 0.528646 0.689453 0.529948 0.689453 0.53125 0.6875 0.533854 0.6875 0.535156 0.686523 0.536458 0.686523 0.53776 0.68457 0.540365 0.68457 0.541667 0.682617 0.544271 0.681641 0.544271 0.680664 0.545573 0.674805 0.545573 0.673828 0.544271 0.671875 0.544271 0.669922 0.541667 0.668945 0.541667 0.663086 0.533854 0.662109 0.533854 0.661133 0.532552 0.661133 0.53125 0.660156 0.529948 0.65918 0.53125 0.65918 0.535156 0.661133 0.53776 0.661133 0.539062 0.662109 0.540365 0.662109 0.552083 0.661133 0.553385 0.661133 0.55599 0.660156 0.557292 0.660156 0.559896 0.65918 0.561198 0.65918 0.565104 0.658203 0.566406 0.658203 0.567708 0.655273 0.571615 0.655273 0.576823 0.65625 0.575521 0.658203 0.575521 0.65918 0.574219 0.660156 0.574219 0.661133 0.572917 0.662109 0.572917 0.664062 0.570312 0.666016 0.570312 0.666992 0.56901 0.669922 0.56901 0.670898 0.570312 0.672852 0.570312 0.673828 0.571615 0.673828 0.572917 0.676758 0.576823 0.676758 0.578125 0.677734 0.579427 0.677734 0.582031 0.678711 0.583333 0.678711 0.592448 0.679688 0.59375 0.679688 0.595052 0.680664 0.595052 0.681641 0.596354 0.682617 0.596354 0.683594 0.595052 0.685547 0.595052 0.686523 0.59375 0.695312 0.59375 0.696289 0.595052 0.699219 0.595052 0.700195 0.596354 0.701172 0.596354 0.702148 0.597656 0.703125 0.597656 0.704102 0.598958 0.708008 0.598958 0.708984 0.60026 0.711914 0.60026 0.713867 0.602865 0.716797 0.602865 0.717773 0.604167 0.723633 0.604167 0.724609 0.605469 0.726562 0.605469 0.727539 0.606771 0.730469 0.606771 0.731445 0.608073 0.754883 0.608073 0.755859 0.606771 0.761719 0.606771 0.762695 0.605469 0.765625 0.605469 0.766602 0.604167 0.770508 0.604167 0.771484 0.602865 0.775391 0.602865 0.776367 0.601562 0.777344 0.601562 0.77832 0.60026 0.779297 0.60026 0.790039 0.585938 0.790039 0.579427 0.787109 0.575521 0.786133 0.575521 0.783203 0.571615 0.782227 0.571615 0.78125 0.570312 0.780273 0.570312 0.77832 0.567708 0.777344 0.567708 0.776367 0.566406 0.775391 0.566406 0.774414 0.565104 0.773438 0.565104 0.772461 0.563802 0.771484 0.563802 0.770508 0.5625 0.769531 0.5625 0.767578 0.559896 0.766602 0.559896 0.765625 0.558594 0.764648 0.558594 0.763672 0.557292 0.762695 0.557292 0.760742 0.554688 0.758789 0.554688 0.757812 0.553385 0.756836 0.553385 0.755859 0.552083 0.754883 0.552083 0.753906 0.550781 0.75293 0.550781 0.751953 0.549479 0.75 0.549479 0.749023 0.548177 0.74707 0.548177 0.746094 0.546875 0.745117 0.546875 0.744141 0.545573 0.741211 0.545573 0.740234 0.544271 0.738281 0.544271 0.737305 0.542969 0.736328 0.542969 0.735352 0.541667 0.733398 0.541667 0.732422 0.540365 0.731445 0.540365 0.729492 0.53776 0.727539 0.53776 0.725586 0.535156 0.724609 0.535156 0.723633 0.533854 0.722656 0.533854 0.72168 0.532552 0.720703 0.532552 0.719727 0.53125 0.716797 0.53125 0.714844 0.533854 0.713867 0.533854 0.712891 0.535156 0.711914 0.535156 0.710938 0.536458 0.702148 0.536458 0.698242 0.53125 0.697266 0.53125 0.694336 0.527344
0 0.759766 0.597656 0.757812 0.595052 0.757812 0.59375 0.753906 0.59375 0.750977 0.589844 0.750977 0.588542 0.749023 0.588542 0.748047 0.58724 0.748047 0.597656 0.749023 0.597656 0.75 0.596354 0.753906 0.596354 0.756836 0.60026 0.758789 0.60026 0.758789 0.598958 0.759766 0.597656 0.766602 0.601562 0.766602 0.605469 0.775391 0.605469 0.776367 0.606771 0.78125 0.606771 0.782227 0.608073 0.786133 0.608073 0.787109 0.609375 0.791016 0.609375 0.791992 0.608073 0.798828 0.608073 0.799805 0.609375 0.827148 0.609375 0.828125 0.608073 0.833008 0.608073 0.833984 0.606771 0.836914 0.606771 0.837891 0.605469 0.838867 0.605469 0.839844 0.604167 0.842773 0.604167 0.84375 0.602865 0.84668 0.602865 0.847656 0.601562 0.848633 0.601562 0.849609 0.60026 0.850586 0.60026 0.851562 0.598958 0.852539 0.598958 0.854492 0.596354 0.854492 0.588542 0.851562 0.584635 0.850586 0.584635 0.84668 0.579427 0.845703 0.579427 0.844727 0.578125 0.84375 0.578125 0.841797 0.575521 0.84082 0.575521 0.838867 0.572917 0.837891 0.572917 0.836914 0.571615 0.835938 0.571615 0.833984 0.56901 0.833008 0.56901 0.832031 0.567708 0.831055 0.567708 0.829102 0.565104 0.828125 0.565104 0.826172 0.5625 0.825195 0.5625 0.824219 0.561198 0.823242 0.561198 0.821289 0.558594 0.820312 0.558594 0.819336 0.557292 0.818359 0.557292 0.817383 0.55599 0.816406 0.55599 0.81543 0.554688 0.814453 0.554688 0.813477 0.553385 0.811523 0.553385 0.810547 0.552083 0.808594 0.552083 0.807617 0.550781 0.806641 0.550781 0.805664 0.549479 0.801758 0.549479 0.800781 0.548177 0.799805 0.548177 0.798828 0.546875 0.796875 0.546875 0.795898 0.545573 0.792969 0.545573 0.791992 0.544271 0.790039 0.544271 0.789062 0.542969 0.776367 0.542969 0.775391 0.544271 0.773438 0.544271 0.772461 0.545573 0.768555 0.545573 0.767578 0.544271 0.765625 0.544271 0.764648 0.542969 0.762695 0.542969 0.761719 0.541667 0.759766 0.541667 0.757812 0.539062 0.755859 0.539062 0.754883 0.53776 0.750977 0.53776 0.750977 0.544271 0.75293 0.546875 0.75293 0.548177 0.753906 0.549479 0.753906 0.550781 0.755859 0.550781 0.756836 0.552083 0.757812 0.552083 0.758789 0.553385 0.759766 0.553385 0.760742 0.554688 0.761719 0.554688 0.762695 0.55599 0.764648 0.55599 0.767578 0.559896 0.768555 0.559896 0.769531 0.561198 0.770508 0.561198 0.772461 0.563802 0.773438 0.563802 0.774414 0.565104 0.775391 0.565104 0.776367 0.566406 0.777344 0.566406 0.77832 0.567708 0.779297 0.567708 0.780273 0.56901 0.78125 0.56901 0.783203 0.571615 0.78418 0.571615 0.791016 0.580729 0.791016 0.584635 0.789062 0.58724 0.789062 0.588542 0.787109 0.591146 0.786133 0.591146 0.782227 0.596354 0.78125 0.596354 0.780273 0.597656 0.77832 0.597656 0.776367 0.60026 0.774414 0.60026 0.773438 0.601562 0.766602 0.601562
0 0.69043 0.527344 0.69043 0.528646 0.689453 0.529948 0.689453 0.53125 0.6875 0.533854 0.6875 0.535156 0.686523 0.536458 0.686523 0.53776 0.68457 0.540365 0.68457 0.541667 0.682617 0.544271 0.681641 0.544271 0.680664 0.545573 0.674805 0.545573 0.673828 0.544271 0.671875 0.544271 0.669922 0.541667 0.668945 0.541667 0.663086 0.533854 0.662109 0.533854 0.661133 0.532552 0.661133 0.53125 0.660156 0.529948 0.65918 0.53125 0.65918 0.535156 0.661133 0.53776 0.661133 0.539062 0.662109 0.540365 0.662109 0.552083 0.661133 0.553385 0.661133 0.55599 0.660156 0.557292 0.660156 0.559896 0.65918 0.561198 0.65918 0.565104 0.658203 0.566406 0.658203 0.567708 0.655273 0.571615 0.655273 0.576823 0.65625 0.575521 0.658203 0.575521 0.65918 0.574219 0.660156 0.574219 0.661133 0.572917 0.662109 0.572917 0.664062 0.570312 0.666016 0.570312 0.666992 0.56901 0.669922 0.56901 0.670898 0.570312 0.672852 0.570312 0.673828 0.571615 0.673828 0.572917 0.676758 0.576823 0.676758 0.578125 0.677734 0.579427 0.677734 0.582031 0.678711 0.583333 0.678711 0.592448 0.679688 0.59375 0.679688 0.595052 0.680664 0.595052 0.681641 0.596354 0.682617 0.596354 0.683594 0.595052 0.685547 0.595052 0.686523 0.59375 0.695312 0.59375 0.696289 0.595052 0.699219 0.595052 0.700195 0.596354 0.701172 0.596354 0.702148 0.597656 0.703125 0.597656 0.704102 0.598958 0.708008 0.598958 0.708984 0.60026 0.711914 0.60026 0.713867 0.602865 0.716797 0.602865 0.717773 0.604167 0.723633 0.604167 0.724609 0.605469 0.726562 0.605469 0.727539 0.606771 0.730469 0.606771 0.731445 0.608073 0.754883 0.608073 0.755859 0.606771 0.761719 0.606771 0.762695 0.605469 0.765625 0.605469 0.766602 0.604167 0.770508 0.604167 0.771484 0.602865 0.775391 0.602865 0.776367 0.601562 0.777344 0.601562 0.77832 0.60026 0.779297 0.60026 0.790039 0.585938 0.790039 0.579427 0.787109 0.575521 0.786133 0.575521 0.783203 0.571615 0.782227 0.571615 0.78125 0.570312 0.780273 0.570312 0.77832 0.567708 0.777344 0.567708 0.776367 0.566406 0.775391 0.566406 0.774414 0.565104 0.773438 0.565104 0.772461 0.563802 0.771484 0.563802 0.770508 0.5625 0.769531 0.5625 0.767578 0.559896 0.766602 0.559896 0.765625 0.558594 0.764648 0.558594 0.763672 0.557292 0.762695 0.557292 0.760742 0.554688 0.758789 0.554688 0.757812 0.553385 0.756836 0.553385 0.755859 0.552083 0.754883 0.552083 0.753906 0.550781 0.75293 0.550781 0.751953 0.549479 0.75 0.549479 0.749023 0.548177 0.74707 0.548177 0.746094 0.546875 0.745117 0.546875 0.744141 0.545573 0.741211 0.545573 0.740234 0.544271 0.738281 0.544271 0.737305 0.542969 0.736328 0.542969 0.735352 0.541667 0.733398 0.541667 0.732422 0.540365 0.731445 0.540365 0.729492 0.53776 0.727539 0.53776 0.725586 0.535156 0.724609 0.535156 0.723633 0.533854 0.722656 0.533854 0.72168 0.532552 0.720703 0.532552 0.719727 0.53125 0.716797 0.53125 0.714844 0.533854 0.713867 0.533854 0.712891 0.535156 0.711914 0.535156 0.710938 0.536458 0.702148 0.536458 0.698242 0.53125 0.697266 0.53125 0.694336 0.527344
0 0.759766 0.597656 0.757812 0.595052 0.757812 0.59375 0.753906 0.59375 0.750977 0.589844 0.750977 0.588542 0.749023 0.588542 0.748047 0.58724 0.748047 0.597656 0.749023 0.597656 0.75 0.596354 0.753906 0.596354 0.756836 0.60026 0.758789 0.60026 0.758789 0.598958 0.759766 0.597656 0.766602 0.601562 0.766602 0.605469 0.775391 0.605469 0.776367 0.606771 0.78125 0.606771 0.782227 0.608073 0.786133 0.608073 0.787109 0.609375 0.791016 0.609375 0.791992 0.608073 0.798828 0.608073 0.799805 0.609375 0.827148 0.609375 0.828125 0.608073 0.833008 0.608073 0.833984 0.606771 0.836914 0.606771 0.837891 0.605469 0.838867 0.605469 0.839844 0.604167 0.842773 0.604167 0.84375 0.602865 0.84668 0.602865 0.847656 0.601562 0.848633 0.601562 0.849609 0.60026 0.850586 0.60026 0.851562 0.598958 0.852539 0.598958 0.854492 0.596354 0.854492 0.588542 0.851562 0.584635 0.850586 0.584635 0.84668 0.579427 0.845703 0.579427 0.844727 0.578125 0.84375 0.578125 0.841797 0.575521 0.84082 0.575521 0.838867 0.572917 0.837891 0.572917 0.836914 0.571615 0.835938 0.571615 0.833984 0.56901 0.833008 0.56901 0.832031 0.567708 0.831055 0.567708 0.829102 0.565104 0.828125 0.565104 0.826172 0.5625 0.825195 0.5625 0.824219 0.561198 0.823242 0.561198 0.821289 0.558594 0.820312 0.558594 0.819336 0.557292 0.818359 0.557292 0.817383 0.55599 0.816406 0.55599 0.81543 0.554688 0.814453 0.554688 0.813477 0.553385 0.811523 0.553385 0.810547 0.552083 0.808594 0.552083 0.807617 0.550781 0.806641 0.550781 0.805664 0.549479 0.801758 0.549479 0.800781 0.548177 0.799805 0.548177 0.798828 0.546875 0.796875 0.546875 0.795898 0.545573 0.792969 0.545573 0.791992 0.544271 0.790039 0.544271 0.789062 0.542969 0.776367 0.542969 0.775391 0.544271 0.773438 0.544271 0.772461 0.545573 0.768555 0.545573 0.767578 0.544271 0.765625 0.544271 0.764648 0.542969 0.762695 0.542969 0.761719 0.541667 0.759766 0.541667 0.757812 0.539062 0.755859 0.539062 0.754883 0.53776 0.750977 0.53776 0.750977 0.544271 0.75293 0.546875 0.75293 0.548177 0.753906 0.549479 0.753906 0.550781 0.755859 0.550781 0.756836 0.552083 0.757812 0.552083 0.758789 0.553385 0.759766 0.553385 0.760742 0.554688 0.761719 0.554688 0.762695 0.55599 0.764648 0.55599 0.767578 0.559896 0.768555 0.559896 0.769531 0.561198 0.770508 0.561198 0.772461 0.563802 0.773438 0.563802 0.774414 0.565104 0.775391 0.565104 0.776367 0.566406 0.777344 0.566406 0.77832 0.567708 0.779297 0.567708 0.780273 0.56901 0.78125 0.56901 0.783203 0.571615 0.78418 0.571615 0.791016 0.580729 0.791016 0.584635 0.789062 0.58724 0.789062 0.588542 0.787109 0.591146 0.786133 0.591146 0.782227 0.596354 0.78125 0.596354 0.780273 0.597656 0.77832 0.597656 0.776367 0.60026 0.774414 0.60026 0.773438 0.601562 0.766602 0.601562
0 0.69043 0.527344 0.69043 0.528646 0.689453 0.529948 0.689453 0.53125 0.6875 0.533854 0.6875 0.535156 0.686523 0.536458 0.686523 0.53776 0.68457 0.540365 0.68457 0.541667 0.682617 0.544271 0.681641 0.544271 0.680664 0.545573 0.674805 0.545573 0.673828 0.544271 0.671875 0.544271 0.669922 0.541667 0.668945 0.541667 0.663086 0.533854 0.662109 0.533854 0.661133 0.532552 0.661133 0.53125 0.660156 0.529948 0.65918 0.53125 0.65918 0.535156 0.661133 0.53776 0.661133 0.539062 0.662109 0.540365 0.662109 0.552083 0.661133 0.553385 0.661133 0.55599 0.660156 0.557292 0.660156 0.559896 0.65918 0.561198 0.65918 0.565104 0.658203 0.566406 0.658203 0.567708 0.655273 0.571615 0.655273 0.576823 0.65625 0.575521 0.658203 0.575521 0.65918 0.574219 0.660156 0.574219 0.661133 0.572917 0.662109 0.572917 0.664062 0.570312 0.666016 0.570312 0.666992 0.56901 0.669922 0.56901 0.670898 0.570312 0.672852 0.570312 0.673828 0.571615 0.673828 0.572917 0.676758 0.576823 0.676758 0.578125 0.677734 0.579427 0.677734 0.582031 0.678711 0.583333 0.678711 0.592448 0.679688 0.59375 0.679688 0.595052 0.680664 0.595052 0.681641 0.596354 0.682617 0.596354 0.683594 0.595052 0.685547 0.595052 0.686523 0.59375 0.695312 0.59375 0.696289 0.595052 0.699219 0.595052 0.700195 0.596354 0.701172 0.596354 0.702148 0.597656 0.703125 0.597656 0.704102 0.598958 0.708008 0.598958 0.708984 0.60026 0.711914 0.60026 0.713867 0.602865 0.716797 0.602865 0.717773 0.604167 0.723633 0.604167 0.724609 0.605469 0.726562 0.605469 0.727539 0.606771 0.730469 0.606771 0.731445 0.608073 0.754883 0.608073 0.755859 0.606771 0.761719 0.606771 0.762695 0.605469 0.765625 0.605469 0.766602 0.604167 0.770508 0.604167 0.771484 0.602865 0.775391 0.602865 0.776367 0.601562 0.777344 0.601562 0.77832 0.60026 0.779297 0.60026 0.790039 0.585938 0.790039 0.579427 0.787109 0.575521 0.786133 0.575521 0.783203 0.571615 0.782227 0.571615 0.78125 0.570312 0.780273 0.570312 0.77832 0.567708 0.777344 0.567708 0.776367 0.566406 0.775391 0.566406 0.774414 0.565104 0.773438 0.565104 0.772461 0.563802 0.771484 0.563802 0.770508 0.5625 0.769531 0.5625 0.767578 0.559896 0.766602 0.559896 0.765625 0.558594 0.764648 0.558594 0.763672 0.557292 0.762695 0.557292 0.760742 0.554688 0.758789 0.554688 0.757812 0.553385 0.756836 0.553385 0.755859 0.552083 0.754883 0.552083 0.753906 0.550781 0.75293 0.550781 0.751953 0.549479 0.75 0.549479 0.749023 0.548177 0.74707 0.548177 0.746094 0.546875 0.745117 0.546875 0.744141 0.545573 0.741211 0.545573 0.740234 0.544271 0.738281 0.544271 0.737305 0.542969 0.736328 0.542969 0.735352 0.541667 0.733398 0.541667 0.732422 0.540365 0.731445 0.540365 0.729492 0.53776 0.727539 0.53776 0.725586 0.535156 0.724609 0.535156 0.723633 0.533854 0.722656 0.533854 0.72168 0.532552 0.720703 0.532552 0.719727 0.53125 0.716797 0.53125 0.714844 0.533854 0.713867 0.533854 0.712891 0.535156 0.711914 0.535156 0.710938 0.536458 0.702148 0.536458 0.698242 0.53125 0.697266 0.53125 0.694336 0.527344
0 0.759766 0.597656 0.757812 0.595052 0.757812 0.59375 0.753906 0.59375 0.750977 0.589844 0.750977 0.588542 0.749023 0.588542 0.748047 0.58724 0.748047 0.597656 0.749023 0.597656 0.75 0.596354 0.753906 0.596354 0.756836 0.60026 0.758789 0.60026 0.758789 0.598958 0.759766 0.597656 0.766602 0.601562 0.766602 0.605469 0.775391 0.605469 0.776367 0.606771 0.78125 0.606771 0.782227 0.608073 0.786133 0.608073 0.787109 0.609375 0.791016 0.609375 0.791992 0.608073 0.798828 0.608073 0.799805 0.609375 0.827148 0.609375 0.828125 0.608073 0.833008 0.608073 0.833984 0.606771 0.836914 0.606771 0.837891 0.605469 0.838867 0.605469 0.839844 0.604167 0.842773 0.604167 0.84375 0.602865 0.84668 0.602865 0.847656 0.601562 0.848633 0.601562 0.849609 0.60026 0.850586 0.60026 0.851562 0.598958 0.852539 0.598958 0.854492 0.596354 0.854492 0.588542 0.851562 0.584635 0.850586 0.584635 0.84668 0.579427 0.845703 0.579427 0.844727 0.578125 0.84375 0.578125 0.841797 0.575521 0.84082 0.575521 0.838867 0.572917 0.837891 0.572917 0.836914 0.571615 0.835938 0.571615 0.833984 0.56901 0.833008 0.56901 0.832031 0.567708 0.831055 0.567708 0.829102 0.565104 0.828125 0.565104 0.826172 0.5625 0.825195 0.5625 0.824219 0.561198 0.823242 0.561198 0.821289 0.558594 0.820312 0.558594 0.819336 0.557292 0.818359 0.557292 0.817383 0.55599 0.816406 0.55599 0.81543 0.554688 0.814453 0.554688 0.813477 0.553385 0.811523 0.553385 0.810547 0.552083 0.808594 0.552083 0.807617 0.550781 0.806641 0.550781 0.805664 0.549479 0.801758 0.549479 0.800781 0.548177 0.799805 0.548177 0.798828 0.546875 0.796875 0.546875 0.795898 0.545573 0.792969 0.545573 0.791992 0.544271 0.790039 0.544271 0.789062 0.542969 0.776367 0.542969 0.775391 0.544271 0.773438 0.544271 0.772461 0.545573 0.768555 0.545573 0.767578 0.544271 0.765625 0.544271 0.764648 0.542969 0.762695 0.542969 0.761719 0.541667 0.759766 0.541667 0.757812 0.539062 0.755859 0.539062 0.754883 0.53776 0.750977 0.53776 0.750977 0.544271 0.75293 0.546875 0.75293 0.548177 0.753906 0.549479 0.753906 0.550781 0.755859 0.550781 0.756836 0.552083 0.757812 0.552083 0.758789 0.553385 0.759766 0.553385 0.760742 0.554688 0.761719 0.554688 0.762695 0.55599 0.764648 0.55599 0.767578 0.559896 0.768555 0.559896 0.769531 0.561198 0.770508 0.561198 0.772461 0.563802 0.773438 0.563802 0.774414 0.565104 0.775391 0.565104 0.776367 0.566406 0.777344 0.566406 0.77832 0.567708 0.779297 0.567708 0.780273 0.56901 0.78125 0.56901 0.783203 0.571615 0.78418 0.571615 0.791016 0.580729 0.791016 0.584635 0.789062 0.58724 0.789062 0.588542 0.787109 0.591146 0.786133 0.591146 0.782227 0.596354 0.78125 0.596354 0.780273 0.597656 0.77832 0.597656 0.776367 0.60026 0.774414 0.60026 0.773438 0.601562 0.766602 0.601562
0 0.69043 0.527344 0.69043 0.528646 0.689453 0.529948 0.689453 0.53125 0.6875 0.533854 0.6875 0.535156 0.686523 0.536458 0.686523 0.53776 0.68457 0.540365 0.68457 0.541667 0.682617 0.544271 0.681641 0.544271 0.680664 0.545573 0.674805 0.545573 0.673828 0.544271 0.671875 0.544271 0.669922 0.541667 0.668945 0.541667 0.663086 0.533854 0.662109 0.533854 0.661133 0.532552 0.661133 0.53125 0.660156 0.529948 0.65918 0.53125 0.65918 0.535156 0.661133 0.53776 0.661133 0.539062 0.662109 0.540365 0.662109 0.552083 0.661133 0.553385 0.661133 0.55599 0.660156 0.557292 0.660156 0.559896 0.65918 0.561198 0.65918 0.565104 0.658203 0.566406 0.658203 0.567708 0.655273 0.571615 0.655273 0.576823 0.65625 0.575521 0.658203 0.575521 0.65918 0.574219 0.660156 0.574219 0.661133 0.572917 0.662109 0.572917 0.664062 0.570312 0.666016 0.570312 0.666992 0.56901 0.669922 0.56901 0.670898 0.570312 0.672852 0.570312 0.673828 0.571615 0.673828 0.572917 0.676758 0.576823 0.676758 0.578125 0.677734 0.579427 0.677734 0.582031 0.678711 0.583333 0.678711 0.592448 0.679688 0.59375 0.679688 0.595052 0.680664 0.595052 0.681641 0.596354 0.682617 0.596354 0.683594 0.595052 0.685547 0.595052 0.686523 0.59375 0.695312 0.59375 0.696289 0.595052 0.699219 0.595052 0.700195 0.596354 0.701172 0.596354 0.702148 0.597656 0.703125 0.597656 0.704102 0.598958 0.708008 0.598958 0.708984 0.60026 0.711914 0.60026 0.713867 0.602865 0.716797 0.602865 0.717773 0.604167 0.723633 0.604167 0.724609 0.605469 0.726562 0.605469 0.727539 0.606771 0.730469 0.606771 0.731445 0.608073 0.754883 0.608073 0.755859 0.606771 0.761719 0.606771 0.762695 0.605469 0.765625 0.605469 0.766602 0.604167 0.770508 0.604167 0.771484 0.602865 0.775391 0.602865 0.776367 0.601562 0.777344 0.601562 0.77832 0.60026 0.779297 0.60026 0.790039 0.585938 0.790039 0.579427 0.787109 0.575521 0.786133 0.575521 0.783203 0.571615 0.782227 0.571615 0.78125 0.570312 0.780273 0.570312 0.77832 0.567708 0.777344 0.567708 0.776367 0.566406 0.775391 0.566406 0.774414 0.565104 0.773438 0.565104 0.772461 0.563802 0.771484 0.563802 0.770508 0.5625 0.769531 0.5625 0.767578 0.559896 0.766602 0.559896 0.765625 0.558594 0.764648 0.558594 0.763672 0.557292 0.762695 0.557292 0.760742 0.554688 0.758789 0.554688 0.757812 0.553385 0.756836 0.553385 0.755859 0.552083 0.754883 0.552083 0.753906 0.550781 0.75293 0.550781 0.751953 0.549479 0.75 0.549479 0.749023 0.548177 0.74707 0.548177 0.746094 0.546875 0.745117 0.546875 0.744141 0.545573 0.741211 0.545573 0.740234 0.544271 0.738281 0.544271 0.737305 0.542969 0.736328 0.542969 0.735352 0.541667 0.733398 0.541667 0.732422 0.540365 0.731445 0.540365 0.729492 0.53776 0.727539 0.53776 0.725586 0.535156 0.724609 0.535156 0.723633 0.533854 0.722656 0.533854 0.72168 0.532552 0.720703 0.532552 0.719727 0.53125 0.716797 0.53125 0.714844 0.533854 0.713867 0.533854 0.712891 0.535156 0.711914 0.535156 0.710938 0.536458 0.702148 0.536458 0.698242 0.53125 0.697266 0.53125 0.694336 0.527344
0 0.759766 0.597656 0.757812 0.595052 0.757812 0.59375 0.753906 0.59375 0.750977 0.589844 0.750977 0.588542 0.749023 0.588542 0.748047 0.58724 0.748047 0.597656 0.749023 0.597656 0.75 0.596354 0.753906 0.596354 0.756836 0.60026 0.758789 0.60026 0.758789 0.598958 0.759766 0.597656 0.766602 0.601562 0.766602 0.605469 0.775391 0.605469 0.776367 0.606771 0.78125 0.606771 0.782227 0.608073 0.786133 0.608073 0.787109 0.609375 0.791016 0.609375 0.791992 0.608073 0.798828 0.608073 0.799805 0.609375 0.827148 0.609375 0.828125 0.608073 0.833008 0.608073 0.833984 0.606771 0.836914 0.606771 0.837891 0.605469 0.838867 0.605469 0.839844 0.604167 0.842773 0.604167 0.84375 0.602865 0.84668 0.602865 0.847656 0.601562 0.848633 0.601562 0.849609 0.60026 0.850586 0.60026 0.851562 0.598958 0.852539 0.598958 0.854492 0.596354 0.854492 0.588542 0.851562 0.584635 0.850586 0.584635 0.84668 0.579427 0.845703 0.579427 0.844727 0.578125 0.84375 0.578125 0.841797 0.575521 0.84082 0.575521 0.838867 0.572917 0.837891 0.572917 0.836914 0.571615 0.835938 0.571615 0.833984 0.56901 0.833008 0.56901 0.832031 0.567708 0.831055 0.567708 0.829102 0.565104 0.828125 0.565104 0.826172 0.5625 0.825195 0.5625 0.824219 0.561198 0.823242 0.561198 0.821289 0.558594 0.820312 0.558594 0.819336 0.557292 0.818359 0.557292 0.817383 0.55599 0.816406 0.55599 0.81543 0.554688 0.814453 0.554688 0.813477 0.553385 0.811523 0.553385 0.810547 0.552083 0.808594 0.552083 0.807617 0.550781 0.806641 0.550781 0.805664 0.549479 0.801758 0.549479 0.800781 0.548177 0.799805 0.548177 0.798828 0.546875 0.796875 0.546875 0.795898 0.545573 0.792969 0.545573 0.791992 0.544271 0.790039 0.544271 0.789062 0.542969 0.776367 0.542969 0.775391 0.544271 0.773438 0.544271 0.772461 0.545573 0.768555 0.545573 0.767578 0.544271 0.765625 0.544271 0.764648 0.542969 0.762695 0.542969 0.761719 0.541667 0.759766 0.541667 0.757812 0.539062 0.755859 0.539062 0.754883 0.53776 0.750977 0.53776 0.750977 0.544271 0.75293 0.546875 0.75293 0.548177 0.753906 0.549479 0.753906 0.550781 0.755859 0.550781 0.756836 0.552083 0.757812 0.552083 0.758789 0.553385 0.759766 0.553385 0.760742 0.554688 0.761719 0.554688 0.762695 0.55599 0.764648 0.55599 0.767578 0.559896 0.768555 0.559896 0.769531 0.561198 0.770508 0.561198 0.772461 0.563802 0.773438 0.563802 0.774414 0.565104 0.775391 0.565104 0.776367 0.566406 0.777344 0.566406 0.77832 0.567708 0.779297 0.567708 0.780273 0.56901 0.78125 0.56901 0.783203 0.571615 0.78418 0.571615 0.791016 0.580729 0.791016 0.584635 0.789062 0.58724 0.789062 0.588542 0.787109 0.591146 0.786133 0.591146 0.782227 0.596354 0.78125 0.596354 0.780273 0.597656 0.77832 0.597656 0.776367 0.60026 0.774414 0.60026 0.773438 0.601562 0.766602 0.601562
0 0.69043 0.527344 0.69043 0.528646 0.689453 0.529948 0.689453 0.53125 0.6875 0.533854 0.6875 0.535156 0.686523 0.536458 0.686523 0.53776 0.68457 0.540365 0.68457 0.541667 0.682617 0.544271 0.681641 0.544271 0.680664 0.545573 0.674805 0.545573 0.673828 0.544271 0.671875 0.544271 0.669922 0.541667 0.668945 0.541667 0.663086 0.533854 0.662109 0.533854 0.661133 0.532552 0.661133 0.53125 0.660156 0.529948 0.65918 0.53125 0.65918 0.535156 0.661133 0.53776 0.661133 0.539062 0.662109 0.540365 0.662109 0.552083 0.661133 0.553385 0.661133 0.55599 0.660156 0.557292 0.660156 0.559896 0.65918 0.561198 0.65918 0.565104 0.658203 0.566406 0.658203 0.567708 0.655273 0.571615 0.655273 0.576823 0.65625 0.575521 0.658203 0.575521 0.65918 0.574219 0.660156 0.574219 0.661133 0.572917 0.662109 0.572917 0.664062 0.570312 0.666016 0.570312 0.666992 0.56901 0.669922 0.56901 0.670898 0.570312 0.672852 0.570312 0.673828 0.571615 0.673828 0.572917 0.676758 0.576823 0.676758 0.578125 0.677734 0.579427 0.677734 0.582031 0.678711 0.583333 0.678711 0.592448 0.679688 0.59375 0.679688 0.595052 0.680664 0.595052 0.681641 0.596354 0.682617 0.596354 0.683594 0.595052 0.685547 0.595052 0.686523 0.59375 0.695312 0.59375 0.696289 0.595052 0.699219 0.595052 0.700195 0.596354 0.701172 0.596354 0.702148 0.597656 0.703125 0.597656 0.704102 0.598958 0.708008 0.598958 0.708984 0.60026 0.711914 0.60026 0.713867 0.602865 0.716797 0.602865 0.717773 0.604167 0.723633 0.604167 0.724609 0.605469 0.726562 0.605469 0.727539 0.606771 0.730469 0.606771 0.731445 0.608073 0.754883 0.608073 0.755859 0.606771 0.761719 0.606771 0.762695 0.605469 0.765625 0.605469 0.766602 0.604167 0.770508 0.604167 0.771484 0.602865 0.775391 0.602865 0.776367 0.601562 0.777344 0.601562 0.77832 0.60026 0.779297 0.60026 0.790039 0.585938 0.790039 0.579427 0.787109 0.575521 0.786133 0.575521 0.783203 0.571615 0.782227 0.571615 0.78125 0.570312 0.780273 0.570312 0.77832 0.567708 0.777344 0.567708 0.776367 0.566406 0.775391 0.566406 0.774414 0.565104 0.773438 0.565104 0.772461 0.563802 0.771484 0.563802 0.770508 0.5625 0.769531 0.5625 0.767578 0.559896 0.766602 0.559896 0.765625 0.558594 0.764648 0.558594 0.763672 0.557292 0.762695 0.557292 0.760742 0.554688 0.758789 0.554688 0.757812 0.553385 0.756836 0.553385 0.755859 0.552083 0.754883 0.552083 0.753906 0.550781 0.75293 0.550781 0.751953 0.549479 0.75 0.549479 0.749023 0.548177 0.74707 0.548177 0.746094 0.546875 0.745117 0.546875 0.744141 0.545573 0.741211 0.545573 0.740234 0.544271 0.738281 0.544271 0.737305 0.542969 0.736328 0.542969 0.735352 0.541667 0.733398 0.541667 0.732422 0.540365 0.731445 0.540365 0.729492 0.53776 0.727539 0.53776 0.725586 0.535156 0.724609 0.535156 0.723633 0.533854 0.722656 0.533854 0.72168 0.532552 0.720703 0.532552 0.719727 0.53125 0.716797 0.53125 0.714844 0.533854 0.713867 0.533854 0.712891 0.535156 0.711914 0.535156 0.710938 0.536458 0.702148 0.536458 0.698242 0.53125 0.697266 0.53125 0.694336 0.527344
0 0.759766 0.597656 0.757812 0.595052 0.757812 0.59375 0.753906 0.59375 0.750977 0.589844 0.750977 0.588542 0.749023 0.588542 0.748047 0.58724 0.748047 0.597656 0.749023 0.597656 0.75 0.596354 0.753906 0.596354 0.756836 0.60026 0.758789 0.60026 0.758789 0.598958 0.759766 0.597656 0.766602 0.601562 0.766602 0.605469 0.775391 0.605469 0.776367 0.606771 0.78125 0.606771 0.782227 0.608073 0.786133 0.608073 0.787109 0.609375 0.791016 0.609375 0.791992 0.608073 0.798828 0.608073 0.799805 0.609375 0.827148 0.609375 0.828125 0.608073 0.833008 0.608073 0.833984 0.606771 0.836914 0.606771 0.837891 0.605469 0.838867 0.605469 0.839844 0.604167 0.842773 0.604167 0.84375 0.602865 0.84668 0.602865 0.847656 0.601562 0.848633 0.601562 0.849609 0.60026 0.850586 0.60026 0.851562 0.598958 0.852539 0.598958 0.854492 0.596354 0.854492 0.588542 0.851562 0.584635 0.850586 0.584635 0.84668 0.579427 0.845703 0.579427 0.844727 0.578125 0.84375 0.578125 0.841797 0.575521 0.84082 0.575521 0.838867 0.572917 0.837891 0.572917 0.836914 0.571615 0.835938 0.571615 0.833984 0.56901 0.833008 0.56901 0.832031 0.567708 0.831055 0.567708 0.829102 0.565104 0.828125 0.565104 0.826172 0.5625 0.825195 0.5625 0.824219 0.561198 0.823242 0.561198 0.821289 0.558594 0.820312 0.558594 0.819336 0.557292 0.818359 0.557292 0.817383 0.55599 0.816406 0.55599 0.81543 0.554688 0.814453 0.554688 0.813477 0.553385 0.811523 0.553385 0.810547 0.552083 0.808594 0.552083 0.807617 0.550781 0.806641 0.550781 0.805664 0.549479 0.801758 0.549479 0.800781 0.548177 0.799805 0.548177 0.798828 0.546875 0.796875 0.546875 0.795898 0.545573 0.792969 0.545573 0.791992 0.544271 0.790039 0.544271 0.789062 0.542969 0.776367 0.542969 0.775391 0.544271 0.773438 0.544271 0.772461 0.545573 0.768555 0.545573 0.767578 0.544271 0.765625 0.544271 0.764648 0.542969 0.762695 0.542969 0.761719 0.541667 0.759766 0.541667 0.757812 0.539062 0.755859 0.539062 0.754883 0.53776 0.750977 0.53776 0.750977 0.544271 0.75293 0.546875 0.75293 0.548177 0.753906 0.549479 0.753906 0.550781 0.755859 0.550781 0.756836 0.552083 0.757812 0.552083 0.758789 0.553385 0.759766 0.553385 0.760742 0.554688 0.761719 0.554688 0.762695 0.55599 0.764648 0.55599 0.767578 0.559896 0.768555 0.559896 0.769531 0.561198 0.770508 0.561198 0.772461 0.563802 0.773438 0.563802 0.774414 0.565104 0.775391 0.565104 0.776367 0.566406 0.777344 0.566406 0.77832 0.567708 0.779297 0.567708 0.780273 0.56901 0.78125 0.56901 0.783203 0.571615 0.78418 0.571615 0.791016 0.580729 0.791016 0.584635 0.789062 0.58724 0.789062 0.588542 0.787109 0.591146 0.786133 0.591146 0.782227 0.596354 0.78125 0.596354 0.780273 0.597656 0.77832 0.597656 0.776367 0.60026 0.774414 0.60026 0.773438 0.601562 0.766602 0.601562
0 0.69043 0.527344 0.69043 0.528646 0.689453 0.529948 0.689453 0.53125 0.6875 0.533854 0.6875 0.535156 0.686523 0.536458 0.686523 0.53776 0.68457 0.540365 0.68457 0.541667 0.682617 0.544271 0.681641 0.544271 0.680664 0.545573 0.674805 0.545573 0.673828 0.544271 0.671875 0.544271 0.669922 0.541667 0.668945 0.541667 0.663086 0.533854 0.662109 0.533854 0.661133 0.532552 0.661133 0.53125 0.660156 0.529948 0.65918 0.53125 0.65918 0.535156 0.661133 0.53776 0.661133 0.539062 0.662109 0.540365 0.662109 0.552083 0.661133 0.553385 0.661133 0.55599 0.660156 0.557292 0.660156 0.559896 0.65918 0.561198 0.65918 0.565104 0.658203 0.566406 0.658203 0.567708 0.655273 0.571615 0.655273 0.576823 0.65625 0.575521 0.658203 0.575521 0.65918 0.574219 0.660156 0.574219 0.661133 0.572917 0.662109 0.572917 0.664062 0.570312 0.666016 0.570312 0.666992 0.56901 0.669922 0.56901 0.670898 0.570312 0.672852 0.570312 0.673828 0.571615 0.673828 0.572917 0.676758 0.576823 0.676758 0.578125 0.677734 0.579427 0.677734 0.582031 0.678711 0.583333 0.678711 0.592448 0.679688 0.59375 0.679688 0.595052 0.680664 0.595052 0.681641 0.596354 0.682617 0.596354 0.683594 0.595052 0.685547 0.595052 0.686523 0.59375 0.695312 0.59375 0.696289 0.595052 0.699219 0.595052 0.700195 0.596354 0.701172 0.596354 0.702148 0.597656 0.703125 0.597656 0.704102 0.598958 0.708008 0.598958 0.708984 0.60026 0.711914 0.60026 0.713867 0.602865 0.716797 0.602865 0.717773 0.604167 0.723633 0.604167 0.724609 0.605469 0.726562 0.605469 0.727539 0.606771 0.730469 0.606771 0.731445 0.608073 0.754883 0.608073 0.755859 0.606771 0.761719 0.606771 0.762695 0.605469 0.765625 0.605469 0.766602 0.604167 0.770508 0.604167 0.771484 0.602865 0.775391 0.602865 0.776367 0.601562 0.777344 0.601562 0.77832 0.60026 0.779297 0.60026 0.790039 0.585938 0.790039 0.579427 0.787109 0.575521 0.786133 0.575521 0.783203 0.571615 0.782227 0.571615 0.78125 0.570312 0.780273 0.570312 0.77832 0.567708 0.777344 0.567708 0.776367 0.566406 0.775391 0.566406 0.774414 0.565104 0.773438 0.565104 0.772461 0.563802 0.771484 0.563802 0.770508 0.5625 0.769531 0.5625 0.767578 0.559896 0.766602 0.559896 0.765625 0.558594 0.764648 0.558594 0.763672 0.557292 0.762695 0.557292 0.760742 0.554688 0.758789 0.554688 0.757812 0.553385 0.756836 0.553385 0.755859 0.552083 0.754883 0.552083 0.753906 0.550781 0.75293 0.550781 0.751953 0.549479 0.75 0.549479 0.749023 0.548177 0.74707 0.548177 0.746094 0.546875 0.745117 0.546875 0.744141 0.545573 0.741211 0.545573 0.740234 0.544271 0.738281 0.544271 0.737305 0.542969 0.736328 0.542969 0.735352 0.541667 0.733398 0.541667 0.732422 0.540365 0.731445 0.540365 0.729492 0.53776 0.727539 0.53776 0.725586 0.535156 0.724609 0.535156 0.723633 0.533854 0.722656 0.533854 0.72168 0.532552 0.720703 0.532552 0.719727 0.53125 0.716797 0.53125 0.714844 0.533854 0.713867 0.533854 0.712891 0.535156 0.711914 0.535156 0.710938 0.536458 0.702148 0.536458 0.698242 0.53125 0.697266 0.53125 0.694336 0.527344
0 0.759766 0.597656 0.757812 0.595052 0.757812 0.59375 0.753906 0.59375 0.750977 0.589844 0.750977 0.588542 0.749023 0.588542 0.748047 0.58724 0.748047 0.597656 0.749023 0.597656 0.75 0.596354 0.753906 0.596354 0.756836 0.60026 0.758789 0.60026 0.758789 0.598958 0.759766 0.597656 0.766602 0.601562 0.766602 0.605469 0.775391 0.605469 0.776367 0.606771 0.78125 0.606771 0.782227 0.608073 0.786133 0.608073 0.787109 0.609375 0.791016 0.609375 0.791992 0.608073 0.798828 0.608073 0.799805 0.609375 0.827148 0.609375 0.828125 0.608073 0.833008 0.608073 0.833984 0.606771 0.836914 0.606771 0.837891 0.605469 0.838867 0.605469 0.839844 0.604167 0.842773 0.604167 0.84375 0.602865 0.84668 0.602865 0.847656 0.601562 0.848633 0.601562 0.849609 0.60026 0.850586 0.60026 0.851562 0.598958 0.852539 0.598958 0.854492 0.596354 0.854492 0.588542 0.851562 0.584635 0.850586 0.584635 0.84668 0.579427 0.845703 0.579427 0.844727 0.578125 0.84375 0.578125 0.841797 0.575521 0.84082 0.575521 0.838867 0.572917 0.837891 0.572917 0.836914 0.571615 0.835938 0.571615 0.833984 0.56901 0.833008 0.56901 0.832031 0.567708 0.831055 0.567708 0.829102 0.565104 0.828125 0.565104 0.826172 0.5625 0.825195 0.5625 0.824219 0.561198 0.823242 0.561198 0.821289 0.558594 0.820312 0.558594 0.819336 0.557292 0.818359 0.557292 0.817383 0.55599 0.816406 0.55599 0.81543 0.554688 0.814453 0.554688 0.813477 0.553385 0.811523 0.553385 0.810547 0.552083 0.808594 0.552083 0.807617 0.550781 0.806641 0.550781 0.805664 0.549479 0.801758 0.549479 0.800781 0.548177 0.799805 0.548177 0.798828 0.546875 0.796875 0.546875 0.795898 0.545573 0.792969 0.545573 0.791992 0.544271 0.790039 0.544271 0.789062 0.542969 0.776367 0.542969 0.775391 0.544271 0.773438 0.544271 0.772461 0.545573 0.768555 0.545573 0.767578 0.544271 0.765625 0.544271 0.764648 0.542969 0.762695 0.542969 0.761719 0.541667 0.759766 0.541667 0.757812 0.539062 0.755859 0.539062 0.754883 0.53776 0.750977 0.53776 0.750977 0.544271 0.75293 0.546875 0.75293 0.548177 0.753906 0.549479 0.753906 0.550781 0.755859 0.550781 0.756836 0.552083 0.757812 0.552083 0.758789 0.553385 0.759766 0.553385 0.760742 0.554688 0.761719 0.554688 0.762695 0.55599 0.764648 0.55599 0.767578 0.559896 0.768555 0.559896 0.769531 0.561198 0.770508 0.561198 0.772461 0.563802 0.773438 0.563802 0.774414 0.565104 0.775391 0.565104 0.776367 0.566406 0.777344 0.566406 0.77832 0.567708 0.779297 0.567708 0.780273 0.56901 0.78125 0.56901 0.783203 0.571615 0.78418 0.571615 0.791016 0.580729 0.791016 0.584635 0.789062 0.58724 0.789062 0.588542 0.787109 0.591146 0.786133 0.591146 0.782227 0.596354 0.78125 0.596354 0.780273 0.597656 0.77832 0.597656 0.776367 0.60026 0.774414 0.60026 0.773438 0.601562 0.766602 0.601562
0 0.69043 0.527344 0.69043 0.528646 0.689453 0.529948 0.689453 0.53125 0.6875 0.533854 0.6875 0.535156 0.686523 0.536458 0.686523 0.53776 0.68457 0.540365 0.68457 0.541667 0.682617 0.544271 0.681641 0.544271 0.680664 0.545573 0.674805 0.545573 0.673828 0.544271 0.671875 0.544271 0.669922 0.541667 0.668945 0.541667 0.663086 0.533854 0.662109 0.533854 0.661133 0.532552 0.661133 0.53125 0.660156 0.529948 0.65918 0.53125 0.65918 0.535156 0.661133 0.53776 0.661133 0.539062 0.662109 0.540365 0.662109 0.552083 0.661133 0.553385 0.661133 0.55599 0.660156 0.557292 0.660156 0.559896 0.65918 0.561198 0.65918 0.565104 0.658203 0.566406 0.658203 0.567708 0.655273 0.571615 0.655273 0.576823 0.65625 0.575521 0.658203 0.575521 0.65918 0.574219 0.660156 0.574219 0.661133 0.572917 0.662109 0.572917 0.664062 0.570312 0.666016 0.570312 0.666992 0.56901 0.669922 0.56901 0.670898 0.570312 0.672852 0.570312 0.673828 0.571615 0.673828 0.572917 0.676758 0.576823 0.676758 0.578125 0.677734 0.579427 0.677734 0.582031 0.678711 0.583333 0.678711 0.592448 0.679688 0.59375 0.679688 0.595052 0.680664 0.595052 0.681641 0.596354 0.682617 0.596354 0.683594 0.595052 0.685547 0.595052 0.686523 0.59375 0.695312 0.59375 0.696289 0.595052 0.699219 0.595052 0.700195 0.596354 0.701172 0.596354 0.702148 0.597656 0.703125 0.597656 0.704102 0.598958 0.708008 0.598958 0.708984 0.60026 0.711914 0.60026 0.713867 0.602865 0.716797 0.602865 0.717773 0.604167 0.723633 0.604167 0.724609 0.605469 0.726562 0.605469 0.727539 0.606771 0.730469 0.606771 0.731445 0.608073 0.754883 0.608073 0.755859 0.606771 0.761719 0.606771 0.762695 0.605469 0.765625 0.605469 0.766602 0.604167 0.770508 0.604167 0.771484 0.602865 0.775391 0.602865 0.776367 0.601562 0.777344 0.601562 0.77832 0.60026 0.779297 0.60026 0.790039 0.585938 0.790039 0.579427 0.787109 0.575521 0.786133 0.575521 0.783203 0.571615 0.782227 0.571615 0.78125 0.570312 0.780273 0.570312 0.77832 0.567708 0.777344 0.567708 0.776367 0.566406 0.775391 0.566406 0.774414 0.565104 0.773438 0.565104 0.772461 0.563802 0.771484 0.563802 0.770508 0.5625 0.769531 0.5625 0.767578 0.559896 0.766602 0.559896 0.765625 0.558594 0.764648 0.558594 0.763672 0.557292 0.762695 0.557292 0.760742 0.554688 0.758789 0.554688 0.757812 0.553385 0.756836 0.553385 0.755859 0.552083 0.754883 0.552083 0.753906 0.550781 0.75293 0.550781 0.751953 0.549479 0.75 0.549479 0.749023 0.548177 0.74707 0.548177 0.746094 0.546875 0.745117 0.546875 0.744141 0.545573 0.741211 0.545573 0.740234 0.544271 0.738281 0.544271 0.737305 0.542969 0.736328 0.542969 0.735352 0.541667 0.733398 0.541667 0.732422 0.540365 0.731445 0.540365 0.729492 0.53776 0.727539 0.53776 0.725586 0.535156 0.724609 0.535156 0.723633 0.533854 0.722656 0.533854 0.72168 0.532552 0.720703 0.532552 0.719727 0.53125 0.716797 0.53125 0.714844 0.533854 0.713867 0.533854 0.712891 0.535156 0.711914 0.535156 0.710938 0.536458 0.702148 0.536458 0.698242 0.53125 0.697266 0.53125 0.694336 0.527344
0 0.759766 0.597656 0.757812 0.595052 0.757812 0.59375 0.753906 0.59375 0.750977 0.589844 0.750977 0.588542 0.749023 0.588542 0.748047 0.58724 0.748047 0.597656 0.749023 0.597656 0.75 0.596354 0.753906 0.596354 0.756836 0.60026 0.758789 0.60026 0.758789 0.598958 0.759766 0.597656 0.766602 0.601562 0.766602 0.605469 0.775391 0.605469 0.776367 0.606771 0.78125 0.606771 0.782227 0.608073 0.786133 0.608073 0.787109 0.609375 0.791016 0.609375 0.791992 0.608073 0.798828 0.608073 0.799805 0.609375 0.827148 0.609375 0.828125 0.608073 0.833008 0.608073 0.833984 0.606771 0.836914 0.606771 0.837891 0.605469 0.838867 0.605469 0.839844 0.604167 0.842773 0.604167 0.84375 0.602865 0.84668 0.602865 0.847656 0.601562 0.848633 0.601562 0.849609 0.60026 0.850586 0.60026 0.851562 0.598958 0.852539 0.598958 0.854492 0.596354 0.854492 0.588542 0.851562 0.584635 0.850586 0.584635 0.84668 0.579427 0.845703 0.579427 0.844727 0.578125 0.84375 0.578125 0.841797 0.575521 0.84082 0.575521 0.838867 0.572917 0.837891 0.572917 0.836914 0.571615 0.835938 0.571615 0.833984 0.56901 0.833008 0.56901 0.832031 0.567708 0.831055 0.567708 0.829102 0.565104 0.828125 0.565104 0.826172 0.5625 0.825195 0.5625 0.824219 0.561198 0.823242 0.561198 0.821289 0.558594 0.820312 0.558594 0.819336 0.557292 0.818359 0.557292 0.817383 0.55599 0.816406 0.55599 0.81543 0.554688 0.814453 0.554688 0.813477 0.553385 0.811523 0.553385 0.810547 0.552083 0.808594 0.552083 0.807617 0.550781 0.806641 0.550781 0.805664 0.549479 0.801758 0.549479 0.800781 0.548177 0.799805 0.548177 0.798828 0.546875 0.796875 0.546875 0.795898 0.545573 0.792969 0.545573 0.791992 0.544271 0.790039 0.544271 0.789062 0.542969 0.776367 0.542969 0.775391 0.544271 0.773438 0.544271 0.772461 0.545573 0.768555 0.545573 0.767578 0.544271 0.765625 0.544271 0.764648 0.542969 0.762695 0.542969 0.761719 0.541667 0.759766 0.541667 0.757812 0.539062 0.755859 0.539062 0.754883 0.53776 0.750977 0.53776 0.750977 0.544271 0.75293 0.546875 0.75293 0.548177 0.753906 0.549479 0.753906 0.550781 0.755859 0.550781 0.756836 0.552083 0.757812 0.552083 0.758789 0.553385 0.759766 0.553385 0.760742 0.554688 0.761719 0.554688 0.762695 0.55599 0.764648 0.55599 0.767578 0.559896 0.768555 0.559896 0.769531 0.561198 0.770508 0.561198 0.772461 0.563802 0.773438 0.563802 0.774414 0.565104 0.775391 0.565104 0.776367 0.566406 0.777344 0.566406 0.77832 0.567708 0.779297 0.567708 0.780273 0.56901 0.78125 0.56901 0.783203 0.571615 0.78418 0.571615 0.791016 0.580729 0.791016 0.584635 0.789062 0.58724 0.789062 0.588542 0.787109 0.591146 0.786133 0.591146 0.782227 0.596354 0.78125 0.596354 0.780273 0.597656 0.77832 0.597656 0.776367 0.60026 0.774414 0.60026 0.773438 0.601562 0.766602 0.601562
