0 0.800781 0.526042 0.796875 0.53125 0.796875 0.532552 0.793945 0.536458 0.792969 0.536458 0.791992 0.53776 0.787109 0.53776 0.785156 0.535156 0.783203 0.535156 0.782227 0.533854 0.78125 0.535156 0.779297 0.535156 0.77832 0.536458 0.777344 0.536458 0.776367 0.53776 0.775391 0.53776 0.774414 0.539062 0.772461 0.539062 0.771484 0.540365 0.768555 0.540365 0.767578 0.541667 0.766602 0.541667 0.765625 0.542969 0.764648 0.542969 0.761719 0.546875 0.760742 0.546875 0.757812 0.550781 0.756836 0.550781 0.755859 0.552083 0.754883 0.552083 0.751953 0.55599 0.750977 0.55599 0.750977 0.557292 0.75 0.558594 0.749023 0.558594 0.745117 0.563802 0.744141 0.563802 0.742188 0.566406 0.742188 0.574219 0.743164 0.574219 0.745117 0.576823 0.74707 0.576823 0.748047 0.578125 0.75 0.578125 0.750977 0.579427 0.768555 0.579427 0.769531 0.578125 0.770508 0.578125 0.776367 0.570312 0.777344 0.570312 0.779297 0.567708 0.780273 0.567708 0.782227 0.565104 0.783203 0.565104 0.78418 0.563802 0.785156 0.563802 0.786133 0.5625 0.788086 0.5625 0.789062 0.561198 0.790039 0.5625 0.791992 0.5625 0.792969 0.563802 0.795898 0.563802 0.796875 0.565104 0.797852 0.565104 0.798828 0.563802 0.795898 0.559896 0.795898 0.558594 0.794922 0.557292 0.794922 0.553385 0.797852 0.549479 0.811523 0.549479 0.8125 0.548177 0.8125 0.546875 0.811523 0.545573 0.811523 0.544271 0.80957 0.541667 0.808594 0.541667 0.803711 0.535156 0.803711 0.532552 0.802734 0.53125 0.802734 0.526042
0 0.738281 0.539062 0.737305 0.540365 0.736328 0.540365 0.735352 0.541667 0.732422 0.541667 0.731445 0.542969 0.730469 0.542969 0.729492 0.544271 0.726562 0.544271 0.725586 0.545573 0.724609 0.545573 0.723633 0.546875 0.722656 0.546875 0.720703 0.549479 0.71875 0.549479 0.716797 0.552083 0.716797 0.558594 0.719727 0.558594 0.720703 0.559896 0.72168 0.559896 0.722656 0.561198 0.724609 0.561198 0.725586 0.5625 0.727539 0.5625 0.728516 0.563802 0.731445 0.563802 0.732422 0.565104 0.735352 0.565104 0.736328 0.566406 0.742188 0.566406 0.749023 0.557292 0.75 0.557292 0.755859 0.549479 0.756836 0.549479 0.757812 0.548177 0.758789 0.548177 0.762695 0.542969 0.762695 0.539062
0 0.800781 0.526042 0.796875 0.53125 0.796875 0.532552 0.793945 0.536458 0.792969 0.536458 0.791992 0.53776 0.787109 0.53776 0.785156 0.535156 0.783203 0.535156 0.782227 0.533854 0.78125 0.535156 0.779297 0.535156 0.77832 0.536458 0.777344 0.536458 0.776367 0.53776 0.775391 0.53776 0.774414 0.539062 0.772461 0.539062 0.771484 0.540365 0.768555 0.540365 0.767578 0.541667 0.766602 0.541667 0.765625 0.542969 0.764648 0.542969 0.761719 0.546875 0.760742 0.546875 0.757812 0.550781 0.756836 0.550781 0.755859 0.552083 0.754883 0.552083 0.751953 0.55599 0.750977 0.55599 0.750977 0.557292 0.75 0.558594 0.749023 0.558594 0.745117 0.563802 0.744141 0.563802 0.742188 0.566406 0.742188 0.574219 0.743164 0.574219 0.745117 0.576823 0.74707 0.576823 0.748047 0.578125 0.75 0.578125 0.750977 0.579427 0.768555 0.579427 0.769531 0.578125 0.770508 0.578125 0.776367 0.570312 0.777344 0.570312 0.779297 0.567708 0.780273 0.567708 0.782227 0.565104 0.783203 0.565104 0.78418 0.563802 0.785156 0.563802 0.786133 0.5625 0.788086 0.5625 0.789062 0.561198 0.790039 0.5625 0.791992 0.5625 0.792969 0.563802 0.795898 0.563802 0.796875 0.565104 0.797852 0.565104 0.798828 0.563802 0.795898 0.559896 0.795898 0.558594 0.794922 0.557292 0.794922 0.553385 0.797852 0.549479 0.811523 0.549479 0.8125 0.548177 0.8125 0.546875 0.811523 0.545573 0.811523 0.544271 0.80957 0.541667 0.808594 0.541667 0.803711 0.535156 0.803711 0.532552 0.802734 0.53125 0.802734 0.526042
0 0.738281 0.539062 0.737305 0.540365 0.736328 0.540365 0.735352 0.541667 0.732422 0.541667 0.731445 0.542969 0.730469 0.542969 0.729492 0.544271 0.726562 0.544271 0.725586 0.545573 0.724609 0.545573 0.723633 0.546875 0.722656 0.546875 0.720703 0.549479 0.71875 0.549479 0.716797 0.552083 0.716797 0.558594 0.719727 0.558594 0.720703 0.559896 0.72168 0.559896 0.722656 0.561198 0.724609 0.561198 0.725586 0.5625 0.727539 0.5625 0.728516 0.563802 0.731445 0.563802 0.732422 0.565104 0.735352 0.565104 0.736328 0.566406 0.742188 0.566406 0.749023 0.557292 0.75 0.557292 0.755859 0.549479 0.756836 0.549479 0.757812 0.548177 0.758789 0.548177 0.762695 0.542969 0.762695 0.539062
0 0.800781 0.526042 0.796875 0.53125 0.796875 0.532552 0.793945 0.536458 0.792969 0.536458 0.791992 0.53776 0.787109 0.53776 0.785156 0.535156 0.783203 0.535156 0.782227 0.533854 0.78125 0.535156 0.779297 0.535156 0.77832 0.536458 0.777344 0.536458 0.776367 0.53776 0.775391 0.53776 0.774414 0.539062 0.772461 0.539062 0.771484 0.540365 0.768555 0.540365 0.767578 0.541667 0.766602 0.541667 0.765625 0.542969 0.764648 0.542969 0.761719 0.546875 0.760742 0.546875 0.757812 0.550781 0.756836 0.550781 0.755859 0.552083 0.754883 0.552083 0.751953 0.55599 0.750977 0.55599 0.750977 0.557292 0.75 0.558594 0.749023 0.558594 0.745117 0.563802 0.744141 0.563802 0.742188 0.566406 0.742188 0.574219 0.743164 0.574219 0.745117 0.576823 0.74707 0.576823 0.748047 0.578125 0.75 0.578125 0.750977 0.579427 0.768555 0.579427 0.769531 0.578125 0.770508 0.578125 0.776367 0.570312 0.777344 0.570312 0.779297 0.567708 0.780273 0.567708 0.782227 0.565104 0.783203 0.565104 0.78418 0.563802 0.785156 0.563802 0.786133 0.5625 0.788086 0.5625 0.789062 0.561198 0.790039 0.5625 0.791992 0.5625 0.792969 0.563802 0.795898 0.563802 0.796875 0.565104 0.797852 0.565104 0.798828 0.563802 0.795898 0.559896 0.795898 0.558594 0.794922 0.557292 0.794922 0.553385 0.797852 0.549479 0.811523 0.549479 0.8125 0.548177 0.8125 0.546875 0.811523 0.545573 0.811523 0.544271 0.80957 0.541667 0.808594 0.541667 0.803711 0.535156 0.803711 0.532552 0.802734 0.53125 0.802734 0.526042
0 0.738281 0.539062 0.737305 0.540365 0.736328 0.540365 0.735352 0.541667 0.732422 0.541667 0.731445 0.542969 0.730469 0.542969 0.729492 0.544271 0.726562 0.544271 0.725586 0.545573 0.724609 0.545573 0.723633 0.546875 0.722656 0.546875 0.720703 0.549479 0.71875 0.549479 0.716797 0.552083 0.716797 0.558594 0.719727 0.558594 0.720703 0.559896 0.72168 0.559896 0.722656 0.561198 0.724609 0.561198 0.725586 0.5625 0.727539 0.5625 0.728516 0.563802 0.731445 0.563802 0.732422 0.565104 0.735352 0.565104 0.736328 0.566406 0.742188 0.566406 0.749023 0.557292 0.75 0.557292 0.755859 0.549479 0.756836 0.549479 0.757812 0.548177 0.758789 0.548177 0.762695 0.542969 0.762695 0.539062
0 0.800781 0.526042 0.796875 0.53125 0.796875 0.532552 0.793945 0.536458 0.792969 0.536458 0.791992 0.53776 0.787109 0.53776 0.785156 0.535156 0.783203 0.535156 0.782227 0.533854 0.78125 0.535156 0.779297 0.535156 0.77832 0.536458 0.777344 0.536458 0.776367 0.53776 0.775391 0.53776 0.774414 0.539062 0.772461 0.539062 0.771484 0.540365 0.768555 0.540365 0.767578 0.541667 0.766602 0.541667 0.765625 0.542969 0.764648 0.542969 0.761719 0.546875 0.760742 0.546875 0.757812 0.550781 0.756836 0.550781 0.755859 0.552083 0.754883 0.552083 0.751953 0.55599 0.750977 0.55599 0.750977 0.557292 0.75 0.558594 0.749023 0.558594 0.745117 0.563802 0.744141 0.563802 0.742188 0.566406 0.742188 0.574219 0.743164 0.574219 0.745117 0.576823 0.74707 0.576823 0.748047 0.578125 0.75 0.578125 0.750977 0.579427 0.768555 0.579427 0.769531 0.578125 0.770508 0.578125 0.776367 0.570312 0.777344 0.570312 0.779297 0.567708 0.780273 0.567708 0.782227 0.565104 0.783203 0.565104 0.78418 0.563802 0.785156 0.563802 0.786133 0.5625 0.788086 0.5625 0.789062 0.561198 0.790039 0.5625 0.791992 0.5625 0.792969 0.563802 0.795898 0.563802 0.796875 0.565104 0.797852 0.565104 0.798828 0.563802 0.795898 0.559896 0.795898 0.558594 0.794922 0.557292 0.794922 0.553385 0.797852 0.549479 0.811523 0.549479 0.8125 0.548177 0.8125 0.546875 0.811523 0.545573 0.811523 0.544271 0.80957 0.541667 0.808594 0.541667 0.803711 0.535156 0.803711 0.532552 0.802734 0.53125 0.802734 0.526042
0 0.738281 0.539062 0.737305 0.540365 0.736328 0.540365 0.735352 0.541667 0.732422 0.541667 0.731445 0.542969 0.730469 0.542969 0.729492 0.544271 0.726562 0.544271 0.725586 0.545573 0.724609 0.545573 0.723633 0.546875 0.722656 0.546875 0.720703 0.549479 0.71875 0.549479 0.716797 0.552083 0.716797 0.558594 0.719727 0.558594 0.720703 0.559896 0.72168 0.559896 0.722656 0.561198 0.724609 0.561198 0.725586 0.5625 0.727539 0.5625 0.728516 0.563802 0.731445 0.563802 0.732422 0.565104 0.735352 0.565104 0.736328 0.566406 0.742188 0.566406 0.749023 0.557292 0.75 0.557292 0.755859 0.549479 0.756836 0.549479 0.757812 0.548177 0.758789 0.548177 0.762695 0.542969 0.762695 0.539062
0 0.800781 0.526042 0.796875 0.53125 0.796875 0.532552 0.793945 0.536458 0.792969 0.536458 0.791992 0.53776 0.787109 0.53776 0.785156 0.535156 0.783203 0.535156 0.782227 0.533854 0.78125 0.535156 0.779297 0.535156 0.77832 0.536458 0.777344 0.536458 0.776367 0.53776 0.775391 0.53776 0.774414 0.539062 0.772461 0.539062 0.771484 0.540365 0.768555 0.540365 0.767578 0.541667 0.766602 0.541667 0.765625 0.542969 0.764648 0.542969 0.761719 0.546875 0.760742 0.546875 0.757812 0.550781 0.756836 0.550781 0.755859 0.552083 0.754883 0.552083 0.751953 0.55599 0.750977 0.55599 0.750977 0.557292 0.75 0.558594 0.749023 0.558594 0.745117 0.563802 0.744141 0.563802 0.742188 0.566406 0.742188 0.574219 0.743164 0.574219 0.745117 0.576823 0.74707 0.576823 0.748047 0.578125 0.75 0.578125 0.750977 0.579427 0.768555 0.579427 0.769531 0.578125 0.770508 0.578125 0.776367 0.570312 0.777344 0.570312 0.779297 0.567708 0.780273 0.567708 0.782227 0.565104 0.783203 0.565104 0.78418 0.563802 0.785156 0.563802 0.786133 0.5625 0.788086 0.5625 0.789062 0.561198 0.790039 0.5625 0.791992 0.5625 0.792969 0.563802 0.795898 0.563802 0.796875 0.565104 0.797852 0.565104 0.798828 0.563802 0.795898 0.559896 0.795898 0.558594 0.794922 0.557292 0.794922 0.553385 0.797852 0.549479 0.811523 0.549479 0.8125 0.548177 0.8125 0.546875 0.811523 0.545573 0.811523 0.544271 0.80957 0.541667 0.808594 0.541667 0.803711 0.535156 0.803711 0.532552 0.802734 0.53125 0.802734 0.526042
0 0.738281 0.539062 0.737305 0.540365 0.736328 0.540365 0.735352 0.541667 0.732422 0.541667 0.731445 0.542969 0.730469 0.542969 0.729492 0.544271 0.726562 0.544271 0.725586 0.545573 0.724609 0.545573 0.723633 0.546875 0.722656 0.546875 0.720703 0.549479 0.71875 0.549479 0.716797 0.552083 0.716797 0.558594 0.719727 0.558594 0.720703 0.559896 0.72168 0.559896 0.722656 0.561198 0.724609 0.561198 0.725586 0.5625 0.727539 0.5625 0.728516 0.563802 0.731445 0.563802 0.732422 0.565104 0.735352 0.565104 0.736328 0.566406 0.742188 0.566406 0.749023 0.557292 0.75 0.557292 0.755859 0.549479 0.756836 0.549479 0.757812 0.548177 0.758789 0.548177 0.762695 0.542969 0.762695 0.539062
0 0.800781 0.526042 0.796875 0.53125 0.796875 0.532552 0.793945 0.536458 0.792969 0.536458 0.791992 0.53776 0.787109 0.53776 0.785156 0.535156 0.783203 0.535156 0.782227 0.533854 0.78125 0.535156 0.779297 0.535156 0.77832 0.536458 0.777344 0.536458 0.776367 0.53776 0.775391 0.53776 0.774414 0.539062 0.772461 0.539062 0.771484 0.540365 0.768555 0.540365 0.767578 0.541667 0.766602 0.541667 0.765625 0.542969 0.764648 0.542969 0.761719 0.546875 0.760742 0.546875 0.757812 0.550781 0.756836 0.550781 0.755859 0.552083 0.754883 0.552083 0.751953 0.55599 0.750977 0.55599 0.750977 0.557292 0.75 0.558594 0.749023 0.558594 0.745117 0.563802 0.744141 0.563802 0.742188 0.566406 0.742188 0.574219 0.743164 0.574219 0.745117 0.576823 0.74707 0.576823 0.748047 0.578125 0.75 0.578125 0.750977 0.579427 0.768555 0.579427 0.769531 0.578125 0.770508 0.578125 0.776367 0.570312 0.777344 0.570312 0.779297 0.567708 0.780273 0.567708 0.782227 0.565104 0.783203 0.565104 0.78418 0.563802 0.785156 0.563802 0.786133 0.5625 0.788086 0.5625 0.789062 0.561198 0.790039 0.5625 0.791992 0.5625 0.792969 0.563802 0.795898 0.563802 0.796875 0.565104 0.797852 0.565104 0.798828 0.563802 0.795898 0.559896 0.795898 0.558594 0.794922 0.557292 0.794922 0.553385 0.797852 0.549479 0.811523 0.549479 0.8125 0.548177 0.8125 0.546875 0.811523 0.545573 0.811523 0.544271 0.80957 0.541667 0.808594 0.541667 0.803711 0.535156 0.803711 0.532552 0.802734 0.53125 0.802734 0.526042
0 0.738281 0.539062 0.737305 0.540365 0.736328 0.540365 0.735352 0.541667 0.732422 0.541667 0.731445 0.542969 0.730469 0.542969 0.729492 0.544271 0.726562 0.544271 0.725586 0.545573 0.724609 0.545573 0.723633 0.546875 0.722656 0.546875 0.720703 0.549479 0.71875 0.549479 0.716797 0.552083 0.716797 0.558594 0.719727 0.558594 0.720703 0.559896 0.72168 0.559896 0.722656 0.561198 0.724609 0.561198 0.725586 0.5625 0.727539 0.5625 0.728516 0.563802 0.731445 0.563802 0.732422 0.565104 0.735352 0.565104 0.736328 0.566406 0.742188 0.566406 0.749023 0.557292 0.75 0.557292 0.755859 0.549479 0.756836 0.549479 0.757812 0.548177 0.758789 0.548177 0.762695 0.542969 0.762695 0.539062
0 0.800781 0.526042 0.796875 0.53125 0.796875 0.532552 0.793945 0.536458 0.792969 0.536458 0.791992 0.53776 0.787109 0.53776 0.785156 0.535156 0.783203 0.535156 0.782227 0.533854 0.78125 0.535156 0.779297 0.535156 0.77832 0.536458 0.777344 0.536458 0.776367 0.53776 0.775391 0.53776 0.774414 0.539062 0.772461 0.539062 0.771484 0.540365 0.768555 0.540365 0.767578 0.541667 0.766602 0.541667 0.765625 0.542969 0.764648 0.542969 0.761719 0.546875 0.760742 0.546875 0.757812 0.550781 0.756836 0.550781 0.755859 0.552083 0.754883 0.552083 0.751953 0.55599 0.750977 0.55599 0.750977 0.557292 0.75 0.558594 0.749023 0.558594 0.745117 0.563802 0.744141 0.563802 0.742188 0.566406 0.742188 0.574219 0.743164 0.574219 0.745117 0.576823 0.74707 0.576823 0.748047 0.578125 0.75 0.578125 0.750977 0.579427 0.768555 0.579427 0.769531 0.578125 0.770508 0.578125 0.776367 0.570312 0.777344 0.570312 0.779297 0.567708 0.780273 0.567708 0.782227 0.565104 0.783203 0.565104 0.78418 0.563802 0.785156 0.563802 0.786133 0.5625 0.788086 0.5625 0.789062 0.561198 0.790039 0.5625 0.791992 0.5625 0.792969 0.563802 0.795898 0.563802 0.796875 0.565104 0.797852 0.565104 0.798828 0.563802 0.795898 0.559896 0.795898 0.558594 0.794922 0.557292 0.794922 0.553385 0.797852 0.549479 0.811523 0.549479 0.8125 0.548177 0.8125 0.546875 0.811523 0.545573 0.811523 0.544271 0.80957 0.541667 0.808594 0.541667 0.803711 0.535156 0.803711 0.532552 0.802734 0.53125 0.802734 0.526042
0 0.738281 0.539062 0.737305 0.540365 0.736328 0.540365 0.735352 0.541667 0.732422 0.541667 0.731445 0.542969 0.730469 0.542969 0.729492 0.544271 0.726562 0.544271 0.725586 0.545573 0.724609 0.545573 0.723633 0.546875 0.722656 0.546875 0.720703 0.549479 0.71875 0.549479 0.716797 0.552083 0.716797 0.558594 0.719727 0.558594 0.720703 0.559896 0.72168 0.559896 0.722656 0.561198 0.724609 0.561198 0.725586 0.5625 0.727539 0.5625 0.728516 0.563802 0.731445 0.563802 0.732422 0.565104 0.735352 0.565104 0.736328 0.566406 0.742188 0.566406 0.749023 0.557292 0.75 0.557292 0.755859 0.549479 0.756836 0.549479 0.757812 0.548177 0.758789 0.548177 0.762695 0.542969 0.762695 0.539062
0 0.800781 0.526042 0.796875 0.53125 0.796875 0.532552 0.793945 0.536458 0.792969 0.536458 0.791992 0.53776 0.787109 0.53776 0.785156 0.535156 0.783203 0.535156 0.782227 0.533854 0.78125 0.535156 0.779297 0.535156 0.77832 0.536458 0.777344 0.536458 0.776367 0.53776 0.775391 0.53776 0.774414 0.539062 0.772461 0.539062 0.771484 0.540365 0.768555 0.540365 0.767578 0.541667 0.766602 0.541667 0.765625 0.542969 0.764648 0.542969 0.761719 0.546875 0.760742 0.546875 0.757812 0.550781 0.756836 0.550781 0.755859 0.552083 0.754883 0.552083 0.751953 0.55599 0.750977 0.55599 0.750977 0.557292 0.75 0.558594 0.749023 0.558594 0.745117 0.563802 0.744141 0.563802 0.742188 0.566406 0.742188 0.574219 0.743164 0.574219 0.745117 0.576823 0.74707 0.576823 0.748047 0.578125 0.75 0.578125 0.750977 0.579427 0.768555 0.579427 0.769531 0.578125 0.770508 0.578125 0.776367 0.570312 0.777344 0.570312 0.779297 0.567708 0.780273 0.567708 0.782227 0.565104 0.783203 0.565104 0.78418 0.563802 0.785156 0.563802 0.786133 0.5625 0.788086 0.5625 0.789062 0.561198 0.790039 0.5625 0.791992 0.5625 0.792969 0.563802 0.795898 0.563802 0.796875 0.565104 0.797852 0.565104 0.798828 0.563802 0.795898 0.559896 0.795898 0.558594 0.794922 0.557292 0.794922 0.553385 0.797852 0.549479 0.811523 0.549479 0.8125 0.548177 0.8125 0.546875 0.811523 0.545573 0.811523 0.544271 0.80957 0.541667 0.808594 0.541667 0.803711 0.535156 0.803711 0.532552 0.802734 0.53125 0.802734 0.526042
0 0.738281 0.539062 0.737305 0.540365 0.736328 0.540365 0.735352 0.541667 0.732422 0.541667 0.731445 0.542969 0.730469 0.542969 0.729492 0.544271 0.726562 0.544271 0.725586 0.545573 0.724609 0.545573 0.723633 0.546875 0.722656 0.546875 0.720703 0.549479 0.71875 0.549479 0.716797 0.552083 0.716797 0.558594 0.719727 0.558594 0.720703 0.559896 0.72168 0.559896 0.722656 0.561198 0.724609 0.561198 0.725586 0.5625 0.727539 0.5625 0.728516 0.563802 0.731445 0.563802 0.732422 0.565104 0.735352 0.565104 0.736328 0.566406 0.742188 0.566406 0.749023 0.557292 0.75 0.557292 0.755859 0.549479 0.756836 0.549479 0.757812 0.548177 0.758789 0.548177 0.762695 0.542969 0.762695 0.539062
