0 0.545898 0.539062 0.544922 0.540365 0.543945 0.540365 0.542969 0.541667 0.540039 0.541667 0.539062 0.542969 0.536133 0.542969 0.535156 0.544271 0.53418 0.544271 0.533203 0.545573 0.53125 0.545573 0.530273 0.546875 0.529297 0.546875 0.52832 0.548177 0.527344 0.548177 0.526367 0.549479 0.525391 0.549479 0.524414 0.550781 0.523438 0.550781 0.522461 0.552083 0.521484 0.552083 0.520508 0.553385 0.519531 0.553385 0.518555 0.554688 0.517578 0.554688 0.516602 0.55599 0.516602 0.563802 0.517578 0.565104 0.519531 0.565104 0.520508 0.566406 0.524414 0.566406 0.525391 0.567708 0.52832 0.567708 0.529297 0.56901 0.536133 0.56901 0.537109 0.570312 0.540039 0.570312 0.541016 0.571615 0.542969 0.571615 0.543945 0.572917 0.545898 0.572917 0.546875 0.574219 0.577148 0.574219 0.580078 0.570312 0.580078 0.56901 0.582031 0.566406 0.583008 0.566406 0.585938 0.5625 0.587891 0.5625 0.588867 0.561198 0.588867 0.554688 0.587891 0.553385 0.587891 0.552083 0.585938 0.549479 0.584961 0.549479 0.583008 0.546875 0.582031 0.546875 0.578125 0.541667 0.577148 0.541667 0.576172 0.540365 0.569336 0.540365 0.568359 0.539062
0 0.650391 0.533854 0.641602 0.545573 0.639648 0.545573 0.638672 0.546875 0.637695 0.546875 0.636719 0.548177 0.633789 0.548177 0.632812 0.546875 0.631836 0.546875 0.629883 0.544271 0.629883 0.542969 0.628906 0.541667 0.62793 0.541667 0.626953 0.540365 0.626953 0.539062 0.623047 0.539062 0.62207 0.540365 0.620117 0.540365 0.619141 0.541667 0.615234 0.541667 0.614258 0.542969 0.613281 0.542969 0.612305 0.541667 0.600586 0.541667 0.599609 0.542969 0.598633 0.542969 0.597656 0.544271 0.59668 0.544271 0.595703 0.545573 0.591797 0.545573 0.59082 0.546875 0.59082 0.549479 0.589844 0.550781 0.589844 0.558594 0.587891 0.561198 0.586914 0.561198 0.585938 0.5625 0.583984 0.5625 0.583008 0.563802 0.582031 0.563802 0.582031 0.576823 0.584961 0.576823 0.585938 0.578125 0.619141 0.578125 0.620117 0.576823 0.621094 0.576823 0.62207 0.575521 0.633789 0.575521 0.633789 0.574219 0.634766 0.572917 0.634766 0.571615 0.635742 0.570312 0.635742 0.567708 0.638672 0.563802 0.639648 0.563802 0.640625 0.5625 0.641602 0.5625 0.642578 0.563802 0.644531 0.563802 0.646484 0.566406 0.647461 0.566406 0.649414 0.56901 0.650391 0.56901 0.651367 0.570312 0.65332 0.567708 0.65332 0.557292 0.654297 0.55599 0.654297 0.542969 0.65332 0.541667 0.65332 0.53776 0.652344 0.536458 0.652344 0.535156 0.651367 0.533854
0 0.545898 0.539062 0.544922 0.540365 0.543945 0.540365 0.542969 0.541667 0.540039 0.541667 0.539062 0.542969 0.536133 0.542969 0.535156 0.544271 0.53418 0.544271 0.533203 0.545573 0.53125 0.545573 0.530273 0.546875 0.529297 0.546875 0.52832 0.548177 0.527344 0.548177 0.526367 0.549479 0.525391 0.549479 0.524414 0.550781 0.523438 0.550781 0.522461 0.552083 0.521484 0.552083 0.520508 0.553385 0.519531 0.553385 0.518555 0.554688 0.517578 0.554688 0.516602 0.55599 0.516602 0.563802 0.517578 0.565104 0.519531 0.565104 0.520508 0.566406 0.524414 0.566406 0.525391 0.567708 0.52832 0.567708 0.529297 0.56901 0.536133 0.56901 0.537109 0.570312 0.540039 0.570312 0.541016 0.571615 0.542969 0.571615 0.543945 0.572917 0.545898 0.572917 0.546875 0.574219 0.577148 0.574219 0.580078 0.570312 0.580078 0.56901 0.582031 0.566406 0.583008 0.566406 0.585938 0.5625 0.587891 0.5625 0.588867 0.561198 0.588867 0.554688 0.587891 0.553385 0.587891 0.552083 0.585938 0.549479 0.584961 0.549479 0.583008 0.546875 0.582031 0.546875 0.578125 0.541667 0.577148 0.541667 0.576172 0.540365 0.569336 0.540365 0.568359 0.539062
0 0.650391 0.533854 0.641602 0.545573 0.639648 0.545573 0.638672 0.546875 0.637695 0.546875 0.636719 0.548177 0.633789 0.548177 0.632812 0.546875 0.631836 0.546875 0.629883 0.544271 0.629883 0.542969 0.628906 0.541667 0.62793 0.541667 0.626953 0.540365 0.626953 0.539062 0.623047 0.539062 0.62207 0.540365 0.620117 0.540365 0.619141 0.541667 0.615234 0.541667 0.614258 0.542969 0.613281 0.542969 0.612305 0.541667 0.600586 0.541667 0.599609 0.542969 0.598633 0.542969 0.597656 0.544271 0.59668 0.544271 0.595703 0.545573 0.591797 0.545573 0.59082 0.546875 0.59082 0.549479 0.589844 0.550781 0.589844 0.558594 0.587891 0.561198 0.586914 0.561198 0.585938 0.5625 0.583984 0.5625 0.583008 0.563802 0.582031 0.563802 0.582031 0.576823 0.584961 0.576823 0.585938 0.578125 0.619141 0.578125 0.620117 0.576823 0.621094 0.576823 0.62207 0.575521 0.633789 0.575521 0.633789 0.574219 0.634766 0.572917 0.634766 0.571615 0.635742 0.570312 0.635742 0.567708 0.638672 0.563802 0.639648 0.563802 0.640625 0.5625 0.641602 0.5625 0.642578 0.563802 0.644531 0.563802 0.646484 0.566406 0.647461 0.566406 0.649414 0.56901 0.650391 0.56901 0.651367 0.570312 0.65332 0.567708 0.65332 0.557292 0.654297 0.55599 0.654297 0.542969 0.65332 0.541667 0.65332 0.53776 0.652344 0.536458 0.652344 0.535156 0.651367 0.533854
0 0.545898 0.539062 0.544922 0.540365 0.543945 0.540365 0.542969 0.541667 0.540039 0.541667 0.539062 0.542969 0.536133 0.542969 0.535156 0.544271 0.53418 0.544271 0.533203 0.545573 0.53125 0.545573 0.530273 0.546875 0.529297 0.546875 0.52832 0.548177 0.527344 0.548177 0.526367 0.549479 0.525391 0.549479 0.524414 0.550781 0.523438 0.550781 0.522461 0.552083 0.521484 0.552083 0.520508 0.553385 0.519531 0.553385 0.518555 0.554688 0.517578 0.554688 0.516602 0.55599 0.516602 0.563802 0.517578 0.565104 0.519531 0.565104 0.520508 0.566406 0.524414 0.566406 0.525391 0.567708 0.52832 0.567708 0.529297 0.56901 0.536133 0.56901 0.537109 0.570312 0.540039 0.570312 0.541016 0.571615 0.542969 0.571615 0.543945 0.572917 0.545898 0.572917 0.546875 0.574219 0.577148 0.574219 0.580078 0.570312 0.580078 0.56901 0.582031 0.566406 0.583008 0.566406 0.585938 0.5625 0.587891 0.5625 0.588867 0.561198 0.588867 0.554688 0.587891 0.553385 0.587891 0.552083 0.585938 0.549479 0.584961 0.549479 0.583008 0.546875 0.582031 0.546875 0.578125 0.541667 0.577148 0.541667 0.576172 0.540365 0.569336 0.540365 0.568359 0.539062
0 0.650391 0.533854 0.641602 0.545573 0.639648 0.545573 0.638672 0.546875 0.637695 0.546875 0.636719 0.548177 0.633789 0.548177 0.632812 0.546875 0.631836 0.546875 0.629883 0.544271 0.629883 0.542969 0.628906 0.541667 0.62793 0.541667 0.626953 0.540365 0.626953 0.539062 0.623047 0.539062 0.62207 0.540365 0.620117 0.540365 0.619141 0.541667 0.615234 0.541667 0.614258 0.542969 0.613281 0.542969 0.612305 0.541667 0.600586 0.541667 0.599609 0.542969 0.598633 0.542969 0.597656 0.544271 0.59668 0.544271 0.595703 0.545573 0.591797 0.545573 0.59082 0.546875 0.59082 0.549479 0.589844 0.550781 0.589844 0.558594 0.587891 0.561198 0.586914 0.561198 0.585938 0.5625 0.583984 0.5625 0.583008 0.563802 0.582031 0.563802 0.582031 0.576823 0.584961 0.576823 0.585938 0.578125 0.619141 0.578125 0.620117 0.576823 0.621094 0.576823 0.62207 0.575521 0.633789 0.575521 0.633789 0.574219 0.634766 0.572917 0.634766 0.571615 0.635742 0.570312 0.635742 0.567708 0.638672 0.563802 0.639648 0.563802 0.640625 0.5625 0.641602 0.5625 0.642578 0.563802 0.644531 0.563802 0.646484 0.566406 0.647461 0.566406 0.649414 0.56901 0.650391 0.56901 0.651367 0.570312 0.65332 0.567708 0.65332 0.557292 0.654297 0.55599 0.654297 0.542969 0.65332 0.541667 0.65332 0.53776 0.652344 0.536458 0.652344 0.535156 0.651367 0.533854
0 0.545898 0.539062 0.544922 0.540365 0.543945 0.540365 0.542969 0.541667 0.540039 0.541667 0.539062 0.542969 0.536133 0.542969 0.535156 0.544271 0.53418 0.544271 0.533203 0.545573 0.53125 0.545573 0.530273 0.546875 0.529297 0.546875 0.52832 0.548177 0.527344 0.548177 0.526367 0.549479 0.525391 0.549479 0.524414 0.550781 0.523438 0.550781 0.522461 0.552083 0.521484 0.552083 0.520508 0.553385 0.519531 0.553385 0.518555 0.554688 0.517578 0.554688 0.516602 0.55599 0.516602 0.563802 0.517578 0.565104 0.519531 0.565104 0.520508 0.566406 0.524414 0.566406 0.525391 0.567708 0.52832 0.567708 0.529297 0.56901 0.536133 0.56901 0.537109 0.570312 0.540039 0.570312 0.541016 0.571615 0.542969 0.571615 0.543945 0.572917 0.545898 0.572917 0.546875 0.574219 0.577148 0.574219 0.580078 0.570312 0.580078 0.56901 0.582031 0.566406 0.583008 0.566406 0.585938 0.5625 0.587891 0.5625 0.588867 0.561198 0.588867 0.554688 0.587891 0.553385 0.587891 0.552083 0.585938 0.549479 0.584961 0.549479 0.583008 0.546875 0.582031 0.546875 0.578125 0.541667 0.577148 0.541667 0.576172 0.540365 0.569336 0.540365 0.568359 0.539062
0 0.650391 0.533854 0.641602 0.545573 0.639648 0.545573 0.638672 0.546875 0.637695 0.546875 0.636719 0.548177 0.633789 0.548177 0.632812 0.546875 0.631836 0.546875 0.629883 0.544271 0.629883 0.542969 0.628906 0.541667 0.62793 0.541667 0.626953 0.540365 0.626953 0.539062 0.623047 0.539062 0.62207 0.540365 0.620117 0.540365 0.619141 0.541667 0.615234 0.541667 0.614258 0.542969 0.613281 0.542969 0.612305 0.541667 0.600586 0.541667 0.599609 0.542969 0.598633 0.542969 0.597656 0.544271 0.59668 0.544271 0.595703 0.545573 0.591797 0.545573 0.59082 0.546875 0.59082 0.549479 0.589844 0.550781 0.589844 0.558594 0.587891 0.561198 0.586914 0.561198 0.585938 0.5625 0.583984 0.5625 0.583008 0.563802 0.582031 0.563802 0.582031 0.576823 0.584961 0.576823 0.585938 0.578125 0.619141 0.578125 0.620117 0.576823 0.621094 0.576823 0.62207 0.575521 0.633789 0.575521 0.633789 0.574219 0.634766 0.572917 0.634766 0.571615 0.635742 0.570312 0.635742 0.567708 0.638672 0.563802 0.639648 0.563802 0.640625 0.5625 0.641602 0.5625 0.642578 0.563802 0.644531 0.563802 0.646484 0.566406 0.647461 0.566406 0.649414 0.56901 0.650391 0.56901 0.651367 0.570312 0.65332 0.567708 0.65332 0.557292 0.654297 0.55599 0.654297 0.542969 0.65332 0.541667 0.65332 0.53776 0.652344 0.536458 0.652344 0.535156 0.651367 0.533854
0 0.545898 0.539062 0.544922 0.540365 0.543945 0.540365 0.542969 0.541667 0.540039 0.541667 0.539062 0.542969 0.536133 0.542969 0.535156 0.544271 0.53418 0.544271 0.533203 0.545573 0.53125 0.545573 0.530273 0.546875 0.529297 0.546875 0.52832 0.548177 0.527344 0.548177 0.526367 0.549479 0.525391 0.549479 0.524414 0.550781 0.523438 0.550781 0.522461 0.552083 0.521484 0.552083 0.520508 0.553385 0.519531 0.553385 0.518555 0.554688 0.517578 0.554688 0.516602 0.55599 0.516602 0.563802 0.517578 0.565104 0.519531 0.565104 0.520508 0.566406 0.524414 0.566406 0.525391 0.567708 0.52832 0.567708 0.529297 0.56901 0.536133 0.56901 0.537109 0.570312 0.540039 0.570312 0.541016 0.571615 0.542969 0.571615 0.543945 0.572917 0.545898 0.572917 0.546875 0.574219 0.577148 0.574219 0.580078 0.570312 0.580078 0.56901 0.582031 0.566406 0.583008 0.566406 0.585938 0.5625 0.587891 0.5625 0.588867 0.561198 0.588867 0.554688 0.587891 0.553385 0.587891 0.552083 0.585938 0.549479 0.584961 0.549479 0.583008 0.546875 0.582031 0.546875 0.578125 0.541667 0.577148 0.541667 0.576172 0.540365 0.569336 0.540365 0.568359 0.539062
0 0.650391 0.533854 0.641602 0.545573 0.639648 0.545573 0.638672 0.546875 0.637695 0.546875 0.636719 0.548177 0.633789 0.548177 0.632812 0.546875 0.631836 0.546875 0.629883 0.544271 0.629883 0.542969 0.628906 0.541667 0.62793 0.541667 0.626953 0.540365 0.626953 0.539062 0.623047 0.539062 0.62207 0.540365 0.620117 0.540365 0.619141 0.541667 0.615234 0.541667 0.614258 0.542969 0.613281 0.542969 0.612305 0.541667 0.600586 0.541667 0.599609 0.542969 0.598633 0.542969 0.597656 0.544271 0.59668 0.544271 0.595703 0.545573 0.591797 0.545573 0.59082 0.546875 0.59082 0.549479 0.589844 0.550781 0.589844 0.558594 0.587891 0.561198 0.586914 0.561198 0.585938 0.5625 0.583984 0.5625 0.583008 0.563802 0.582031 0.563802 0.582031 0.576823 0.584961 0.576823 0.585938 0.578125 0.619141 0.578125 0.620117 0.576823 0.621094 0.576823 0.62207 0.575521 0.633789 0.575521 0.633789 0.574219 0.634766 0.572917 0.634766 0.571615 0.635742 0.570312 0.635742 0.567708 0.638672 0.563802 0.639648 0.563802 0.640625 0.5625 0.641602 0.5625 0.642578 0.563802 0.644531 0.563802 0.646484 0.566406 0.647461 0.566406 0.649414 0.56901 0.650391 0.56901 0.651367 0.570312 0.65332 0.567708 0.65332 0.557292 0.654297 0.55599 0.654297 0.542969 0.65332 0.541667 0.65332 0.53776 0.652344 0.536458 0.652344 0.535156 0.651367 0.533854
0 0.545898 0.539062 0.544922 0.540365 0.543945 0.540365 0.542969 0.541667 0.540039 0.541667 0.539062 0.542969 0.536133 0.542969 0.535156 0.544271 0.53418 0.544271 0.533203 0.545573 0.53125 0.545573 0.530273 0.546875 0.529297 0.546875 0.52832 0.548177 0.527344 0.548177 0.526367 0.549479 0.525391 0.549479 0.524414 0.550781 0.523438 0.550781 0.522461 0.552083 0.521484 0.552083 0.520508 0.553385 0.519531 0.553385 0.518555 0.554688 0.517578 0.554688 0.516602 0.55599 0.516602 0.563802 0.517578 0.565104 0.519531 0.565104 0.520508 0.566406 0.524414 0.566406 0.525391 0.567708 0.52832 0.567708 0.529297 0.56901 0.536133 0.56901 0.537109 0.570312 0.540039 0.570312 0.541016 0.571615 0.542969 0.571615 0.543945 0.572917 0.545898 0.572917 0.546875 0.574219 0.577148 0.574219 0.580078 0.570312 0.580078 0.56901 0.582031 0.566406 0.583008 0.566406 0.585938 0.5625 0.587891 0.5625 0.588867 0.561198 0.588867 0.554688 0.587891 0.553385 0.587891 0.552083 0.585938 0.549479 0.584961 0.549479 0.583008 0.546875 0.582031 0.546875 0.578125 0.541667 0.577148 0.541667 0.576172 0.540365 0.569336 0.540365 0.568359 0.539062
0 0.650391 0.533854 0.641602 0.545573 0.639648 0.545573 0.638672 0.546875 0.637695 0.546875 0.636719 0.548177 0.633789 0.548177 0.632812 0.546875 0.631836 0.546875 0.629883 0.544271 0.629883 0.542969 0.628906 0.541667 0.62793 0.541667 0.626953 0.540365 0.626953 0.539062 0.623047 0.539062 0.62207 0.540365 0.620117 0.540365 0.619141 0.541667 0.615234 0.541667 0.614258 0.542969 0.613281 0.542969 0.612305 0.541667 0.600586 0.541667 0.599609 0.542969 0.598633 0.542969 0.597656 0.544271 0.59668 0.544271 0.595703 0.545573 0.591797 0.545573 0.59082 0.546875 0.59082 0.549479 0.589844 0.550781 0.589844 0.558594 0.587891 0.561198 0.586914 0.561198 0.585938 0.5625 0.583984 0.5625 0.583008 0.563802 0.582031 0.563802 0.582031 0.576823 0.584961 0.576823 0.585938 0.578125 0.619141 0.578125 0.620117 0.576823 0.621094 0.576823 0.62207 0.575521 0.633789 0.575521 0.633789 0.574219 0.634766 0.572917 0.634766 0.571615 0.635742 0.570312 0.635742 0.567708 0.638672 0.563802 0.639648 0.563802 0.640625 0.5625 0.641602 0.5625 0.642578 0.563802 0.644531 0.563802 0.646484 0.566406 0.647461 0.566406 0.649414 0.56901 0.650391 0.56901 0.651367 0.570312 0.65332 0.567708 0.65332 0.557292 0.654297 0.55599 0.654297 0.542969 0.65332 0.541667 0.65332 0.53776 0.652344 0.536458 0.652344 0.535156 0.651367 0.533854
0 0.545898 0.539062 0.544922 0.540365 0.543945 0.540365 0.542969 0.541667 0.540039 0.541667 0.539062 0.542969 0.536133 0.542969 0.535156 0.544271 0.53418 0.544271 0.533203 0.545573 0.53125 0.545573 0.530273 0.546875 0.529297 0.546875 0.52832 0.548177 0.527344 0.548177 0.526367 0.549479 0.525391 0.549479 0.524414 0.550781 0.523438 0.550781 0.522461 0.552083 0.521484 0.552083 0.520508 0.553385 0.519531 0.553385 0.518555 0.554688 0.517578 0.554688 0.516602 0.55599 0.516602 0.563802 0.517578 0.565104 0.519531 0.565104 0.520508 0.566406 0.524414 0.566406 0.525391 0.567708 0.52832 0.567708 0.529297 0.56901 0.536133 0.56901 0.537109 0.570312 0.540039 0.570312 0.541016 0.571615 0.542969 0.571615 0.543945 0.572917 0.545898 0.572917 0.546875 0.574219 0.577148 0.574219 0.580078 0.570312 0.580078 0.56901 0.582031 0.566406 0.583008 0.566406 0.585938 0.5625 0.587891 0.5625 0.588867 0.561198 0.588867 0.554688 0.587891 0.553385 0.587891 0.552083 0.585938 0.549479 0.584961 0.549479 0.583008 0.546875 0.582031 0.546875 0.578125 0.541667 0.577148 0.541667 0.576172 0.540365 0.569336 0.540365 0.568359 0.539062
0 0.650391 0.533854 0.641602 0.545573 0.639648 0.545573 0.638672 0.546875 0.637695 0.546875 0.636719 0.548177 0.633789 0.548177 0.632812 0.546875 0.631836 0.546875 0.629883 0.544271 0.629883 0.542969 0.628906 0.541667 0.62793 0.541667 0.626953 0.540365 0.626953 0.539062 0.623047 0.539062 0.62207 0.540365 0.620117 0.540365 0.619141 0.541667 0.615234 0.541667 0.614258 0.542969 0.613281 0.542969 0.612305 0.541667 0.600586 0.541667 0.599609 0.542969 0.598633 0.542969 0.597656 0.544271 0.59668 0.544271 0.595703 0.545573 0.591797 0.545573 0.59082 0.546875 0.59082 0.549479 0.589844 0.550781 0.589844 0.558594 0.587891 0.561198 0.586914 0.561198 0.585938 0.5625 0.583984 0.5625 0.583008 0.563802 0.582031 0.563802 0.582031 0.576823 0.584961 0.576823 0.585938 0.578125 0.619141 0.578125 0.620117 0.576823 0.621094 0.576823 0.62207 0.575521 0.633789 0.575521 0.633789 0.574219 0.634766 0.572917 0.634766 0.571615 0.635742 0.570312 0.635742 0.567708 0.638672 0.563802 0.639648 0.563802 0.640625 0.5625 0.641602 0.5625 0.642578 0.563802 0.644531 0.563802 0.646484 0.566406 0.647461 0.566406 0.649414 0.56901 0.650391 0.56901 0.651367 0.570312 0.65332 0.567708 0.65332 0.557292 0.654297 0.55599 0.654297 0.542969 0.65332 0.541667 0.65332 0.53776 0.652344 0.536458 0.652344 0.535156 0.651367 0.533854
0 0.545898 0.539062 0.544922 0.540365 0.543945 0.540365 0.542969 0.541667 0.540039 0.541667 0.539062 0.542969 0.536133 0.542969 0.535156 0.544271 0.53418 0.544271 0.533203 0.545573 0.53125 0.545573 0.530273 0.546875 0.529297 0.546875 0.52832 0.548177 0.527344 0.548177 0.526367 0.549479 0.525391 0.549479 0.524414 0.550781 0.523438 0.550781 0.522461 0.552083 0.521484 0.552083 0.520508 0.553385 0.519531 0.553385 0.518555 0.554688 0.517578 0.554688 0.516602 0.55599 0.516602 0.563802 0.517578 0.565104 0.519531 0.565104 0.520508 0.566406 0.524414 0.566406 0.525391 0.567708 0.52832 0.567708 0.529297 0.56901 0.536133 0.56901 0.537109 0.570312 0.540039 0.570312 0.541016 0.571615 0.542969 0.571615 0.543945 0.572917 0.545898 0.572917 0.546875 0.574219 0.577148 0.574219 0.580078 0.570312 0.580078 0.56901 0.582031 0.566406 0.583008 0.566406 0.585938 0.5625 0.587891 0.5625 0.588867 0.561198 0.588867 0.554688 0.587891 0.553385 0.587891 0.552083 0.585938 0.549479 0.584961 0.549479 0.583008 0.546875 0.582031 0.546875 0.578125 0.541667 0.577148 0.541667 0.576172 0.540365 0.569336 0.540365 0.568359 0.539062
0 0.650391 0.533854 0.641602 0.545573 0.639648 0.545573 0.638672 0.546875 0.637695 0.546875 0.636719 0.548177 0.633789 0.548177 0.632812 0.546875 0.631836 0.546875 0.629883 0.544271 0.629883 0.542969 0.628906 0.541667 0.62793 0.541667 0.626953 0.540365 0.626953 0.539062 0.623047 0.539062 0.62207 0.540365 0.620117 0.540365 0.619141 0.541667 0.615234 0.541667 0.614258 0.542969 0.613281 0.542969 0.612305 0.541667 0.600586 0.541667 0.599609 0.542969 0.598633 0.542969 0.597656 0.544271 0.59668 0.544271 0.595703 0.545573 0.591797 0.545573 0.59082 0.546875 0.59082 0.549479 0.589844 0.550781 0.589844 0.558594 0.587891 0.561198 0.586914 0.561198 0.585938 0.5625 0.583984 0.5625 0.583008 0.563802 0.582031 0.563802 0.582031 0.576823 0.584961 0.576823 0.585938 0.578125 0.619141 0.578125 0.620117 0.576823 0.621094 0.576823 0.62207 0.575521 0.633789 0.575521 0.633789 0.574219 0.634766 0.572917 0.634766 0.571615 0.635742 0.570312 0.635742 0.567708 0.638672 0.563802 0.639648 0.563802 0.640625 0.5625 0.641602 0.5625 0.642578 0.563802 0.644531 0.563802 0.646484 0.566406 0.647461 0.566406 0.649414 0.56901 0.650391 0.56901 0.651367 0.570312 0.65332 0.567708 0.65332 0.557292 0.654297 0.55599 0.654297 0.542969 0.65332 0.541667 0.65332 0.53776 0.652344 0.536458 0.652344 0.535156 0.651367 0.533854
