0 0.804688 0.472656 0.804688 0.522135 0.805664 0.523438 0.806641 0.523438 0.807617 0.52474 0.8125 0.52474 0.813477 0.526042 0.814453 0.526042 0.81543 0.52474 0.816406 0.52474 0.817383 0.526042 0.818359 0.526042 0.819336 0.527344 0.820312 0.527344 0.822266 0.529948 0.822266 0.532552 0.823242 0.533854 0.823242 0.539062 0.822266 0.540365 0.822266 0.544271 0.821289 0.545573 0.821289 0.546875 0.820312 0.548177 0.820312 0.549479 0.819336 0.550781 0.819336 0.552083 0.816406 0.55599 0.816406 0.557292 0.8125 0.5625 0.8125 0.563802 0.811523 0.565104 0.811523 0.566406 0.80957 0.56901 0.80957 0.570312 0.807617 0.572917 0.807617 0.574219 0.806641 0.575521 0.806641 0.578125 0.805664 0.579427 0.805664 0.580729 0.804688 0.582031 0.804688 0.589844 0.81543 0.604167 0.817383 0.604167 0.818359 0.605469 0.818359 0.606771 0.819336 0.608073 0.84668 0.608073 0.849609 0.604167 0.849609 0.602865 0.850586 0.601562 0.850586 0.60026 0.851562 0.598958 0.851562 0.596354 0.853516 0.59375 0.854492 0.59375 0.856445 0.591146 0.859375 0.591146 0.860352 0.589844 0.864258 0.589844 0.865234 0.588542 0.866211 0.588542 0.867188 0.58724 0.87207 0.58724 0.873047 0.585938 0.87793 0.585938 0.878906 0.584635 0.881836 0.584635 0.882812 0.583333 0.884766 0.583333 0.885742 0.582031 0.888672 0.582031 0.889648 0.580729 0.890625 0.580729 0.891602 0.579427 0.893555 0.579427 0.894531 0.578125 0.896484 0.578125 0.897461 0.576823 0.898438 0.576823 0.899414 0.575521 0.900391 0.575521 0.901367 0.574219 0.902344 0.574219 0.90332 0.572917 0.904297 0.572917 0.905273 0.571615 0.905273 0.567708 0.902344 0.563802 0.901367 0.563802 0.900391 0.5625 0.899414 0.5625 0.897461 0.559896 0.895508 0.559896 0.894531 0.558594 0.893555 0.558594 0.892578 0.557292 0.890625 0.557292 0.889648 0.55599 0.888672 0.55599 0.887695 0.554688 0.885742 0.554688 0.884766 0.553385 0.883789 0.553385 0.882812 0.552083 0.881836 0.552083 0.880859 0.550781 0.878906 0.550781 0.87793 0.549479 0.875977 0.549479 0.875 0.548177 0.874023 0.548177 0.873047 0.546875 0.870117 0.546875 0.869141 0.545573 0.867188 0.545573 0.866211 0.544271 0.865234 0.544271 0.864258 0.542969 0.859375 0.542969 0.858398 0.541667 0.852539 0.541667 0.851562 0.540365 0.850586 0.540365 0.849609 0.539062 0.844727 0.539062 0.842773 0.536458 0.842773 0.535156 0.841797 0.533854 0.841797 0.532552 0.838867 0.528646 0.838867 0.527344 0.829102 0.514323 0.829102 0.513021 0.826172 0.509115 0.826172 0.507812 0.825195 0.50651 0.825195 0.505208 0.824219 0.503906 0.824219 0.502604 0.823242 0.501302 0.823242 0.5 0.822266 0.498698 0.822266 0.497396 0.821289 0.496094 0.821289 0.49349 0.820312 0.492188 0.820312 0.490885 0.819336 0.489583 0.819336 0.488281 0.818359 0.486979 0.818359 0.485677 0.817383 0.484375 0.817383 0.483073 0.81543 0.480469 0.81543 0.479167 0.811523 0.473958 0.811523 0.472656
0 0.824219 0.53125 0.824219 0.535156 0.823242 0.536458 0.823242 0.542969 0.822266 0.544271 0.822266 0.545573 0.821289 0.546875 0.821289 0.548177 0.819336 0.550781 0.819336 0.552083 0.816406 0.55599 0.816406 0.557292 0.8125 0.5625 0.8125 0.563802 0.810547 0.566406 0.810547 0.567708 0.807617 0.571615 0.807617 0.572917 0.806641 0.574219 0.806641 0.576823 0.805664 0.578125 0.805664 0.591146 0.814453 0.602865 0.81543 0.602865 0.816406 0.604167 0.818359 0.604167 0.821289 0.608073 0.845703 0.608073 0.84668 0.606771 0.847656 0.606771 0.849609 0.604167 0.849609 0.602865 0.850586 0.601562 0.850586 0.597656 0.854492 0.592448 0.855469 0.592448 0.856445 0.591146 0.859375 0.591146 0.860352 0.589844 0.864258 0.589844 0.865234 0.588542 0.866211 0.588542 0.867188 0.58724 0.87207 0.58724 0.873047 0.585938 0.87793 0.585938 0.878906 0.584635 0.881836 0.584635 0.882812 0.583333 0.884766 0.583333 0.885742 0.582031 0.888672 0.582031 0.889648 0.580729 0.890625 0.580729 0.891602 0.579427 0.893555 0.579427 0.894531 0.578125 0.896484 0.578125 0.897461 0.576823 0.898438 0.576823 0.899414 0.575521 0.900391 0.575521 0.901367 0.574219 0.902344 0.574219 0.90332 0.572917 0.904297 0.572917 0.905273 0.571615 0.905273 0.567708 0.901367 0.5625 0.900391 0.5625 0.899414 0.561198 0.898438 0.561198 0.897461 0.559896 0.896484 0.559896 0.895508 0.558594 0.894531 0.558594 0.893555 0.557292 0.891602 0.557292 0.890625 0.55599 0.889648 0.55599 0.888672 0.554688 0.887695 0.554688 0.886719 0.553385 0.884766 0.553385 0.883789 0.552083 0.882812 0.552083 0.881836 0.550781 0.879883 0.550781 0.878906 0.549479 0.876953 0.549479 0.875977 0.548177 0.874023 0.548177 0.873047 0.546875 0.871094 0.546875 0.870117 0.545573 0.868164 0.545573 0.867188 0.544271 0.866211 0.544271 0.865234 0.542969 0.861328 0.542969 0.860352 0.541667 0.854492 0.541667 0.853516 0.540365 0.851562 0.540365 0.850586 0.539062 0.845703 0.539062 0.844727 0.53776 0.84375 0.53776 0.842773 0.536458 0.842773 0.535156 0.841797 0.533854 0.841797 0.532552 0.84082 0.53125
0 0.804688 0.472656 0.804688 0.522135 0.805664 0.523438 0.806641 0.523438 0.807617 0.52474 0.8125 0.52474 0.813477 0.526042 0.814453 0.526042 0.81543 0.52474 0.816406 0.52474 0.817383 0.526042 0.818359 0.526042 0.819336 0.527344 0.820312 0.527344 0.822266 0.529948 0.822266 0.532552 0.823242 0.533854 0.823242 0.539062 0.822266 0.540365 0.822266 0.544271 0.821289 0.545573 0.821289 0.546875 0.820312 0.548177 0.820312 0.549479 0.819336 0.550781 0.819336 0.552083 0.816406 0.55599 0.816406 0.557292 0.8125 0.5625 0.8125 0.563802 0.811523 0.565104 0.811523 0.566406 0.80957 0.56901 0.80957 0.570312 0.807617 0.572917 0.807617 0.574219 0.806641 0.575521 0.806641 0.578125 0.805664 0.579427 0.805664 0.580729 0.804688 0.582031 0.804688 0.589844 0.81543 0.604167 0.817383 0.604167 0.818359 0.605469 0.818359 0.606771 0.819336 0.608073 0.84668 0.608073 0.849609 0.604167 0.849609 0.602865 0.850586 0.601562 0.850586 0.60026 0.851562 0.598958 0.851562 0.596354 0.853516 0.59375 0.854492 0.59375 0.856445 0.591146 0.859375 0.591146 0.860352 0.589844 0.864258 0.589844 0.865234 0.588542 0.866211 0.588542 0.867188 0.58724 0.87207 0.58724 0.873047 0.585938 0.87793 0.585938 0.878906 0.584635 0.881836 0.584635 0.882812 0.583333 0.884766 0.583333 0.885742 0.582031 0.888672 0.582031 0.889648 0.580729 0.890625 0.580729 0.891602 0.579427 0.893555 0.579427 0.894531 0.578125 0.896484 0.578125 0.897461 0.576823 0.898438 0.576823 0.899414 0.575521 0.900391 0.575521 0.901367 0.574219 0.902344 0.574219 0.90332 0.572917 0.904297 0.572917 0.905273 0.571615 0.905273 0.567708 0.902344 0.563802 0.901367 0.563802 0.900391 0.5625 0.899414 0.5625 0.897461 0.559896 0.895508 0.559896 0.894531 0.558594 0.893555 0.558594 0.892578 0.557292 0.890625 0.557292 0.889648 0.55599 0.888672 0.55599 0.887695 0.554688 0.885742 0.554688 0.884766 0.553385 0.883789 0.553385 0.882812 0.552083 0.881836 0.552083 0.880859 0.550781 0.878906 0.550781 0.87793 0.549479 0.875977 0.549479 0.875 0.548177 0.874023 0.548177 0.873047 0.546875 0.870117 0.546875 0.869141 0.545573 0.867188 0.545573 0.866211 0.544271 0.865234 0.544271 0.864258 0.542969 0.859375 0.542969 0.858398 0.541667 0.852539 0.541667 0.851562 0.540365 0.850586 0.540365 0.849609 0.539062 0.844727 0.539062 0.842773 0.536458 0.842773 0.535156 0.841797 0.533854 0.841797 0.532552 0.838867 0.528646 0.838867 0.527344 0.829102 0.514323 0.829102 0.513021 0.826172 0.509115 0.826172 0.507812 0.825195 0.50651 0.825195 0.505208 0.824219 0.503906 0.824219 0.502604 0.823242 0.501302 0.823242 0.5 0.822266 0.498698 0.822266 0.497396 0.821289 0.496094 0.821289 0.49349 0.820312 0.492188 0.820312 0.490885 0.819336 0.489583 0.819336 0.488281 0.818359 0.486979 0.818359 0.485677 0.817383 0.484375 0.817383 0.483073 0.81543 0.480469 0.81543 0.479167 0.811523 0.473958 0.811523 0.472656
0 0.824219 0.53125 0.824219 0.535156 0.823242 0.536458 0.823242 0.542969 0.822266 0.544271 0.822266 0.545573 0.821289 0.546875 0.821289 0.548177 0.819336 0.550781 0.819336 0.552083 0.816406 0.55599 0.816406 0.557292 0.8125 0.5625 0.8125 0.563802 0.810547 0.566406 0.810547 0.567708 0.807617 0.571615 0.807617 0.572917 0.806641 0.574219 0.806641 0.576823 0.805664 0.578125 0.805664 0.591146 0.814453 0.602865 0.81543 0.602865 0.816406 0.604167 0.818359 0.604167 0.821289 0.608073 0.845703 0.608073 0.84668 0.606771 0.847656 0.606771 0.849609 0.604167 0.849609 0.602865 0.850586 0.601562 0.850586 0.597656 0.854492 0.592448 0.855469 0.592448 0.856445 0.591146 0.859375 0.591146 0.860352 0.589844 0.864258 0.589844 0.865234 0.588542 0.866211 0.588542 0.867188 0.58724 0.87207 0.58724 0.873047 0.585938 0.87793 0.585938 0.878906 0.584635 0.881836 0.584635 0.882812 0.583333 0.884766 0.583333 0.885742 0.582031 0.888672 0.582031 0.889648 0.580729 0.890625 0.580729 0.891602 0.579427 0.893555 0.579427 0.894531 0.578125 0.896484 0.578125 0.897461 0.576823 0.898438 0.576823 0.899414 0.575521 0.900391 0.575521 0.901367 0.574219 0.902344 0.574219 0.90332 0.572917 0.904297 0.572917 0.905273 0.571615 0.905273 0.567708 0.901367 0.5625 0.900391 0.5625 0.899414 0.561198 0.898438 0.561198 0.897461 0.559896 0.896484 0.559896 0.895508 0.558594 0.894531 0.558594 0.893555 0.557292 0.891602 0.557292 0.890625 0.55599 0.889648 0.55599 0.888672 0.554688 0.887695 0.554688 0.886719 0.553385 0.884766 0.553385 0.883789 0.552083 0.882812 0.552083 0.881836 0.550781 0.879883 0.550781 0.878906 0.549479 0.876953 0.549479 0.875977 0.548177 0.874023 0.548177 0.873047 0.546875 0.871094 0.546875 0.870117 0.545573 0.868164 0.545573 0.867188 0.544271 0.866211 0.544271 0.865234 0.542969 0.861328 0.542969 0.860352 0.541667 0.854492 0.541667 0.853516 0.540365 0.851562 0.540365 0.850586 0.539062 0.845703 0.539062 0.844727 0.53776 0.84375 0.53776 0.842773 0.536458 0.842773 0.535156 0.841797 0.533854 0.841797 0.532552 0.84082 0.53125
0 0.804688 0.472656 0.804688 0.522135 0.805664 0.523438 0.806641 0.523438 0.807617 0.52474 0.8125 0.52474 0.813477 0.526042 0.814453 0.526042 0.81543 0.52474 0.816406 0.52474 0.817383 0.526042 0.818359 0.526042 0.819336 0.527344 0.820312 0.527344 0.822266 0.529948 0.822266 0.532552 0.823242 0.533854 0.823242 0.539062 0.822266 0.540365 0.822266 0.544271 0.821289 0.545573 0.821289 0.546875 0.820312 0.548177 0.820312 0.549479 0.819336 0.550781 0.819336 0.552083 0.816406 0.55599 0.816406 0.557292 0.8125 0.5625 0.8125 0.563802 0.811523 0.565104 0.811523 0.566406 0.80957 0.56901 0.80957 0.570312 0.807617 0.572917 0.807617 0.574219 0.806641 0.575521 0.806641 0.578125 0.805664 0.579427 0.805664 0.580729 0.804688 0.582031 0.804688 0.589844 0.81543 0.604167 0.817383 0.604167 0.818359 0.605469 0.818359 0.606771 0.819336 0.608073 0.84668 0.608073 0.849609 0.604167 0.849609 0.602865 0.850586 0.601562 0.850586 0.60026 0.851562 0.598958 0.851562 0.596354 0.853516 0.59375 0.854492 0.59375 0.856445 0.591146 0.859375 0.591146 0.860352 0.589844 0.864258 0.589844 0.865234 0.588542 0.866211 0.588542 0.867188 0.58724 0.87207 0.58724 0.873047 0.585938 0.87793 0.585938 0.878906 0.584635 0.881836 0.584635 0.882812 0.583333 0.884766 0.583333 0.885742 0.582031 0.888672 0.582031 0.889648 0.580729 0.890625 0.580729 0.891602 0.579427 0.893555 0.579427 0.894531 0.578125 0.896484 0.578125 0.897461 0.576823 0.898438 0.576823 0.899414 0.575521 0.900391 0.575521 0.901367 0.574219 0.902344 0.574219 0.90332 0.572917 0.904297 0.572917 0.905273 0.571615 0.905273 0.567708 0.902344 0.563802 0.901367 0.563802 0.900391 0.5625 0.899414 0.5625 0.897461 0.559896 0.895508 0.559896 0.894531 0.558594 0.893555 0.558594 0.892578 0.557292 0.890625 0.557292 0.889648 0.55599 0.888672 0.55599 0.887695 0.554688 0.885742 0.554688 0.884766 0.553385 0.883789 0.553385 0.882812 0.552083 0.881836 0.552083 0.880859 0.550781 0.878906 0.550781 0.87793 0.549479 0.875977 0.549479 0.875 0.548177 0.874023 0.548177 0.873047 0.546875 0.870117 0.546875 0.869141 0.545573 0.867188 0.545573 0.866211 0.544271 0.865234 0.544271 0.864258 0.542969 0.859375 0.542969 0.858398 0.541667 0.852539 0.541667 0.851562 0.540365 0.850586 0.540365 0.849609 0.539062 0.844727 0.539062 0.842773 0.536458 0.842773 0.535156 0.841797 0.533854 0.841797 0.532552 0.838867 0.528646 0.838867 0.527344 0.829102 0.514323 0.829102 0.513021 0.826172 0.509115 0.826172 0.507812 0.825195 0.50651 0.825195 0.505208 0.824219 0.503906 0.824219 0.502604 0.823242 0.501302 0.823242 0.5 0.822266 0.498698 0.822266 0.497396 0.821289 0.496094 0.821289 0.49349 0.820312 0.492188 0.820312 0.490885 0.819336 0.489583 0.819336 0.488281 0.818359 0.486979 0.818359 0.485677 0.817383 0.484375 0.817383 0.483073 0.81543 0.480469 0.81543 0.479167 0.811523 0.473958 0.811523 0.472656
0 0.824219 0.53125 0.824219 0.535156 0.823242 0.536458 0.823242 0.542969 0.822266 0.544271 0.822266 0.545573 0.821289 0.546875 0.821289 0.548177 0.819336 0.550781 0.819336 0.552083 0.816406 0.55599 0.816406 0.557292 0.8125 0.5625 0.8125 0.563802 0.810547 0.566406 0.810547 0.567708 0.807617 0.571615 0.807617 0.572917 0.806641 0.574219 0.806641 0.576823 0.805664 0.578125 0.805664 0.591146 0.814453 0.602865 0.81543 0.602865 0.816406 0.604167 0.818359 0.604167 0.821289 0.608073 0.845703 0.608073 0.84668 0.606771 0.847656 0.606771 0.849609 0.604167 0.849609 0.602865 0.850586 0.601562 0.850586 0.597656 0.854492 0.592448 0.855469 0.592448 0.856445 0.591146 0.859375 0.591146 0.860352 0.589844 0.864258 0.589844 0.865234 0.588542 0.866211 0.588542 0.867188 0.58724 0.87207 0.58724 0.873047 0.585938 0.87793 0.585938 0.878906 0.584635 0.881836 0.584635 0.882812 0.583333 0.884766 0.583333 0.885742 0.582031 0.888672 0.582031 0.889648 0.580729 0.890625 0.580729 0.891602 0.579427 0.893555 0.579427 0.894531 0.578125 0.896484 0.578125 0.897461 0.576823 0.898438 0.576823 0.899414 0.575521 0.900391 0.575521 0.901367 0.574219 0.902344 0.574219 0.90332 0.572917 0.904297 0.572917 0.905273 0.571615 0.905273 0.567708 0.901367 0.5625 0.900391 0.5625 0.899414 0.561198 0.898438 0.561198 0.897461 0.559896 0.896484 0.559896 0.895508 0.558594 0.894531 0.558594 0.893555 0.557292 0.891602 0.557292 0.890625 0.55599 0.889648 0.55599 0.888672 0.554688 0.887695 0.554688 0.886719 0.553385 0.884766 0.553385 0.883789 0.552083 0.882812 0.552083 0.881836 0.550781 0.879883 0.550781 0.878906 0.549479 0.876953 0.549479 0.875977 0.548177 0.874023 0.548177 0.873047 0.546875 0.871094 0.546875 0.870117 0.545573 0.868164 0.545573 0.867188 0.544271 0.866211 0.544271 0.865234 0.542969 0.861328 0.542969 0.860352 0.541667 0.854492 0.541667 0.853516 0.540365 0.851562 0.540365 0.850586 0.539062 0.845703 0.539062 0.844727 0.53776 0.84375 0.53776 0.842773 0.536458 0.842773 0.535156 0.841797 0.533854 0.841797 0.532552 0.84082 0.53125
0 0.804688 0.472656 0.804688 0.522135 0.805664 0.523438 0.806641 0.523438 0.807617 0.52474 0.8125 0.52474 0.813477 0.526042 0.814453 0.526042 0.81543 0.52474 0.816406 0.52474 0.817383 0.526042 0.818359 0.526042 0.819336 0.527344 0.820312 0.527344 0.822266 0.529948 0.822266 0.532552 0.823242 0.533854 0.823242 0.539062 0.822266 0.540365 0.822266 0.544271 0.821289 0.545573 0.821289 0.546875 0.820312 0.548177 0.820312 0.549479 0.819336 0.550781 0.819336 0.552083 0.816406 0.55599 0.816406 0.557292 0.8125 0.5625 0.8125 0.563802 0.811523 0.565104 0.811523 0.566406 0.80957 0.56901 0.80957 0.570312 0.807617 0.572917 0.807617 0.574219 0.806641 0.575521 0.806641 0.578125 0.805664 0.579427 0.805664 0.580729 0.804688 0.582031 0.804688 0.589844 0.81543 0.604167 0.817383 0.604167 0.818359 0.605469 0.818359 0.606771 0.819336 0.608073 0.84668 0.608073 0.849609 0.604167 0.849609 0.602865 0.850586 0.601562 0.850586 0.60026 0.851562 0.598958 0.851562 0.596354 0.853516 0.59375 0.854492 0.59375 0.856445 0.591146 0.859375 0.591146 0.860352 0.589844 0.864258 0.589844 0.865234 0.588542 0.866211 0.588542 0.867188 0.58724 0.87207 0.58724 0.873047 0.585938 0.87793 0.585938 0.878906 0.584635 0.881836 0.584635 0.882812 0.583333 0.884766 0.583333 0.885742 0.582031 0.888672 0.582031 0.889648 0.580729 0.890625 0.580729 0.891602 0.579427 0.893555 0.579427 0.894531 0.578125 0.896484 0.578125 0.897461 0.576823 0.898438 0.576823 0.899414 0.575521 0.900391 0.575521 0.901367 0.574219 0.902344 0.574219 0.90332 0.572917 0.904297 0.572917 0.905273 0.571615 0.905273 0.567708 0.902344 0.563802 0.901367 0.563802 0.900391 0.5625 0.899414 0.5625 0.897461 0.559896 0.895508 0.559896 0.894531 0.558594 0.893555 0.558594 0.892578 0.557292 0.890625 0.557292 0.889648 0.55599 0.888672 0.55599 0.887695 0.554688 0.885742 0.554688 0.884766 0.553385 0.883789 0.553385 0.882812 0.552083 0.881836 0.552083 0.880859 0.550781 0.878906 0.550781 0.87793 0.549479 0.875977 0.549479 0.875 0.548177 0.874023 0.548177 0.873047 0.546875 0.870117 0.546875 0.869141 0.545573 0.867188 0.545573 0.866211 0.544271 0.865234 0.544271 0.864258 0.542969 0.859375 0.542969 0.858398 0.541667 0.852539 0.541667 0.851562 0.540365 0.850586 0.540365 0.849609 0.539062 0.844727 0.539062 0.842773 0.536458 0.842773 0.535156 0.841797 0.533854 0.841797 0.532552 0.838867 0.528646 0.838867 0.527344 0.829102 0.514323 0.829102 0.513021 0.826172 0.509115 0.826172 0.507812 0.825195 0.50651 0.825195 0.505208 0.824219 0.503906 0.824219 0.502604 0.823242 0.501302 0.823242 0.5 0.822266 0.498698 0.822266 0.497396 0.821289 0.496094 0.821289 0.49349 0.820312 0.492188 0.820312 0.490885 0.819336 0.489583 0.819336 0.488281 0.818359 0.486979 0.818359 0.485677 0.817383 0.484375 0.817383 0.483073 0.81543 0.480469 0.81543 0.479167 0.811523 0.473958 0.811523 0.472656
0 0.824219 0.53125 0.824219 0.535156 0.823242 0.536458 0.823242 0.542969 0.822266 0.544271 0.822266 0.545573 0.821289 0.546875 0.821289 0.548177 0.819336 0.550781 0.819336 0.552083 0.816406 0.55599 0.816406 0.557292 0.8125 0.5625 0.8125 0.563802 0.810547 0.566406 0.810547 0.567708 0.807617 0.571615 0.807617 0.572917 0.806641 0.574219 0.806641 0.576823 0.805664 0.578125 0.805664 0.591146 0.814453 0.602865 0.81543 0.602865 0.816406 0.604167 0.818359 0.604167 0.821289 0.608073 0.845703 0.608073 0.84668 0.606771 0.847656 0.606771 0.849609 0.604167 0.849609 0.602865 0.850586 0.601562 0.850586 0.597656 0.854492 0.592448 0.855469 0.592448 0.856445 0.591146 0.859375 0.591146 0.860352 0.589844 0.864258 0.589844 0.865234 0.588542 0.866211 0.588542 0.867188 0.58724 0.87207 0.58724 0.873047 0.585938 0.87793 0.585938 0.878906 0.584635 0.881836 0.584635 0.882812 0.583333 0.884766 0.583333 0.885742 0.582031 0.888672 0.582031 0.889648 0.580729 0.890625 0.580729 0.891602 0.579427 0.893555 0.579427 0.894531 0.578125 0.896484 0.578125 0.897461 0.576823 0.898438 0.576823 0.899414 0.575521 0.900391 0.575521 0.901367 0.574219 0.902344 0.574219 0.90332 0.572917 0.904297 0.572917 0.905273 0.571615 0.905273 0.567708 0.901367 0.5625 0.900391 0.5625 0.899414 0.561198 0.898438 0.561198 0.897461 0.559896 0.896484 0.559896 0.895508 0.558594 0.894531 0.558594 0.893555 0.557292 0.891602 0.557292 0.890625 0.55599 0.889648 0.55599 0.888672 0.554688 0.887695 0.554688 0.886719 0.553385 0.884766 0.553385 0.883789 0.552083 0.882812 0.552083 0.881836 0.550781 0.879883 0.550781 0.878906 0.549479 0.876953 0.549479 0.875977 0.548177 0.874023 0.548177 0.873047 0.546875 0.871094 0.546875 0.870117 0.545573 0.868164 0.545573 0.867188 0.544271 0.866211 0.544271 0.865234 0.542969 0.861328 0.542969 0.860352 0.541667 0.854492 0.541667 0.853516 0.540365 0.851562 0.540365 0.850586 0.539062 0.845703 0.539062 0.844727 0.53776 0.84375 0.53776 0.842773 0.536458 0.842773 0.535156 0.841797 0.533854 0.841797 0.532552 0.84082 0.53125
0 0.804688 0.472656 0.804688 0.522135 0.805664 0.523438 0.806641 0.523438 0.807617 0.52474 0.8125 0.52474 0.813477 0.526042 0.814453 0.526042 0.81543 0.52474 0.816406 0.52474 0.817383 0.526042 0.818359 0.526042 0.819336 0.527344 0.820312 0.527344 0.822266 0.529948 0.822266 0.532552 0.823242 0.533854 0.823242 0.539062 0.822266 0.540365 0.822266 0.544271 0.821289 0.545573 0.821289 0.546875 0.820312 0.548177 0.820312 0.549479 0.819336 0.550781 0.819336 0.552083 0.816406 0.55599 0.816406 0.557292 0.8125 0.5625 0.8125 0.563802 0.811523 0.565104 0.811523 0.566406 0.80957 0.56901 0.80957 0.570312 0.807617 0.572917 0.807617 0.574219 0.806641 0.575521 0.806641 0.578125 0.805664 0.579427 0.805664 0.580729 0.804688 0.582031 0.804688 0.589844 0.81543 0.604167 0.817383 0.604167 0.818359 0.605469 0.818359 0.606771 0.819336 0.608073 0.84668 0.608073 0.849609 0.604167 0.849609 0.602865 0.850586 0.601562 0.850586 0.60026 0.851562 0.598958 0.851562 0.596354 0.853516 0.59375 0.854492 0.59375 0.856445 0.591146 0.859375 0.591146 0.860352 0.589844 0.864258 0.589844 0.865234 0.588542 0.866211 0.588542 0.867188 0.58724 0.87207 0.58724 0.873047 0.585938 0.87793 0.585938 0.878906 0.584635 0.881836 0.584635 0.882812 0.583333 0.884766 0.583333 0.885742 0.582031 0.888672 0.582031 0.889648 0.580729 0.890625 0.580729 0.891602 0.579427 0.893555 0.579427 0.894531 0.578125 0.896484 0.578125 0.897461 0.576823 0.898438 0.576823 0.899414 0.575521 0.900391 0.575521 0.901367 0.574219 0.902344 0.574219 0.90332 0.572917 0.904297 0.572917 0.905273 0.571615 0.905273 0.567708 0.902344 0.563802 0.901367 0.563802 0.900391 0.5625 0.899414 0.5625 0.897461 0.559896 0.895508 0.559896 0.894531 0.558594 0.893555 0.558594 0.892578 0.557292 0.890625 0.557292 0.889648 0.55599 0.888672 0.55599 0.887695 0.554688 0.885742 0.554688 0.884766 0.553385 0.883789 0.553385 0.882812 0.552083 0.881836 0.552083 0.880859 0.550781 0.878906 0.550781 0.87793 0.549479 0.875977 0.549479 0.875 0.548177 0.874023 0.548177 0.873047 0.546875 0.870117 0.546875 0.869141 0.545573 0.867188 0.545573 0.866211 0.544271 0.865234 0.544271 0.864258 0.542969 0.859375 0.542969 0.858398 0.541667 0.852539 0.541667 0.851562 0.540365 0.850586 0.540365 0.849609 0.539062 0.844727 0.539062 0.842773 0.536458 0.842773 0.535156 0.841797 0.533854 0.841797 0.532552 0.838867 0.528646 0.838867 0.527344 0.829102 0.514323 0.829102 0.513021 0.826172 0.509115 0.826172 0.507812 0.825195 0.50651 0.825195 0.505208 0.824219 0.503906 0.824219 0.502604 0.823242 0.501302 0.823242 0.5 0.822266 0.498698 0.822266 0.497396 0.821289 0.496094 0.821289 0.49349 0.820312 0.492188 0.820312 0.490885 0.819336 0.489583 0.819336 0.488281 0.818359 0.486979 0.818359 0.485677 0.817383 0.484375 0.817383 0.483073 0.81543 0.480469 0.81543 0.479167 0.811523 0.473958 0.811523 0.472656
0 0.824219 0.53125 0.824219 0.535156 0.823242 0.536458 0.823242 0.542969 0.822266 0.544271 0.822266 0.545573 0.821289 0.546875 0.821289 0.548177 0.819336 0.550781 0.819336 0.552083 0.816406 0.55599 0.816406 0.557292 0.8125 0.5625 0.8125 0.563802 0.810547 0.566406 0.810547 0.567708 0.807617 0.571615 0.807617 0.572917 0.806641 0.574219 0.806641 0.576823 0.805664 0.578125 0.805664 0.591146 0.814453 0.602865 0.81543 0.602865 0.816406 0.604167 0.818359 0.604167 0.821289 0.608073 0.845703 0.608073 0.84668 0.606771 0.847656 0.606771 0.849609 0.604167 0.849609 0.602865 0.850586 0.601562 0.850586 0.597656 0.854492 0.592448 0.855469 0.592448 0.856445 0.591146 0.859375 0.591146 0.860352 0.589844 0.864258 0.589844 0.865234 0.588542 0.866211 0.588542 0.867188 0.58724 0.87207 0.58724 0.873047 0.585938 0.87793 0.585938 0.878906 0.584635 0.881836 0.584635 0.882812 0.583333 0.884766 0.583333 0.885742 0.582031 0.888672 0.582031 0.889648 0.580729 0.890625 0.580729 0.891602 0.579427 0.893555 0.579427 0.894531 0.578125 0.896484 0.578125 0.897461 0.576823 0.898438 0.576823 0.899414 0.575521 0.900391 0.575521 0.901367 0.574219 0.902344 0.574219 0.90332 0.572917 0.904297 0.572917 0.905273 0.571615 0.905273 0.567708 0.901367 0.5625 0.900391 0.5625 0.899414 0.561198 0.898438 0.561198 0.897461 0.559896 0.896484 0.559896 0.895508 0.558594 0.894531 0.558594 0.893555 0.557292 0.891602 0.557292 0.890625 0.55599 0.889648 0.55599 0.888672 0.554688 0.887695 0.554688 0.886719 0.553385 0.884766 0.553385 0.883789 0.552083 0.882812 0.552083 0.881836 0.550781 0.879883 0.550781 0.878906 0.549479 0.876953 0.549479 0.875977 0.548177 0.874023 0.548177 0.873047 0.546875 0.871094 0.546875 0.870117 0.545573 0.868164 0.545573 0.867188 0.544271 0.866211 0.544271 0.865234 0.542969 0.861328 0.542969 0.860352 0.541667 0.854492 0.541667 0.853516 0.540365 0.851562 0.540365 0.850586 0.539062 0.845703 0.539062 0.844727 0.53776 0.84375 0.53776 0.842773 0.536458 0.842773 0.535156 0.841797 0.533854 0.841797 0.532552 0.84082 0.53125
0 0.804688 0.472656 0.804688 0.522135 0.805664 0.523438 0.806641 0.523438 0.807617 0.52474 0.8125 0.52474 0.813477 0.526042 0.814453 0.526042 0.81543 0.52474 0.816406 0.52474 0.817383 0.526042 0.818359 0.526042 0.819336 0.527344 0.820312 0.527344 0.822266 0.529948 0.822266 0.532552 0.823242 0.533854 0.823242 0.539062 0.822266 0.540365 0.822266 0.544271 0.821289 0.545573 0.821289 0.546875 0.820312 0.548177 0.820312 0.549479 0.819336 0.550781 0.819336 0.552083 0.816406 0.55599 0.816406 0.557292 0.8125 0.5625 0.8125 0.563802 0.811523 0.565104 0.811523 0.566406 0.80957 0.56901 0.80957 0.570312 0.807617 0.572917 0.807617 0.574219 0.806641 0.575521 0.806641 0.578125 0.805664 0.579427 0.805664 0.580729 0.804688 0.582031 0.804688 0.589844 0.81543 0.604167 0.817383 0.604167 0.818359 0.605469 0.818359 0.606771 0.819336 0.608073 0.84668 0.608073 0.849609 0.604167 0.849609 0.602865 0.850586 0.601562 0.850586 0.60026 0.851562 0.598958 0.851562 0.596354 0.853516 0.59375 0.854492 0.59375 0.856445 0.591146 0.859375 0.591146 0.860352 0.589844 0.864258 0.589844 0.865234 0.588542 0.866211 0.588542 0.867188 0.58724 0.87207 0.58724 0.873047 0.585938 0.87793 0.585938 0.878906 0.584635 0.881836 0.584635 0.882812 0.583333 0.884766 0.583333 0.885742 0.582031 0.888672 0.582031 0.889648 0.580729 0.890625 0.580729 0.891602 0.579427 0.893555 0.579427 0.894531 0.578125 0.896484 0.578125 0.897461 0.576823 0.898438 0.576823 0.899414 0.575521 0.900391 0.575521 0.901367 0.574219 0.902344 0.574219 0.90332 0.572917 0.904297 0.572917 0.905273 0.571615 0.905273 0.567708 0.902344 0.563802 0.901367 0.563802 0.900391 0.5625 0.899414 0.5625 0.897461 0.559896 0.895508 0.559896 0.894531 0.558594 0.893555 0.558594 0.892578 0.557292 0.890625 0.557292 0.889648 0.55599 0.888672 0.55599 0.887695 0.554688 0.885742 0.554688 0.884766 0.553385 0.883789 0.553385 0.882812 0.552083 0.881836 0.552083 0.880859 0.550781 0.878906 0.550781 0.87793 0.549479 0.875977 0.549479 0.875 0.548177 0.874023 0.548177 0.873047 0.546875 0.870117 0.546875 0.869141 0.545573 0.867188 0.545573 0.866211 0.544271 0.865234 0.544271 0.864258 0.542969 0.859375 0.542969 0.858398 0.541667 0.852539 0.541667 0.851562 0.540365 0.850586 0.540365 0.849609 0.539062 0.844727 0.539062 0.842773 0.536458 0.842773 0.535156 0.841797 0.533854 0.841797 0.532552 0.838867 0.528646 0.838867 0.527344 0.829102 0.514323 0.829102 0.513021 0.826172 0.509115 0.826172 0.507812 0.825195 0.50651 0.825195 0.505208 0.824219 0.503906 0.824219 0.502604 0.823242 0.501302 0.823242 0.5 0.822266 0.498698 0.822266 0.497396 0.821289 0.496094 0.821289 0.49349 0.820312 0.492188 0.820312 0.490885 0.819336 0.489583 0.819336 0.488281 0.818359 0.486979 0.818359 0.485677 0.817383 0.484375 0.817383 0.483073 0.81543 0.480469 0.81543 0.479167 0.811523 0.473958 0.811523 0.472656
0 0.824219 0.53125 0.824219 0.535156 0.823242 0.536458 0.823242 0.542969 0.822266 0.544271 0.822266 0.545573 0.821289 0.546875 0.821289 0.548177 0.819336 0.550781 0.819336 0.552083 0.816406 0.55599 0.816406 0.557292 0.8125 0.5625 0.8125 0.563802 0.810547 0.566406 0.810547 0.567708 0.807617 0.571615 0.807617 0.572917 0.806641 0.574219 0.806641 0.576823 0.805664 0.578125 0.805664 0.591146 0.814453 0.602865 0.81543 0.602865 0.816406 0.604167 0.818359 0.604167 0.821289 0.608073 0.845703 0.608073 0.84668 0.606771 0.847656 0.606771 0.849609 0.604167 0.849609 0.602865 0.850586 0.601562 0.850586 0.597656 0.854492 0.592448 0.855469 0.592448 0.856445 0.591146 0.859375 0.591146 0.860352 0.589844 0.864258 0.589844 0.865234 0.588542 0.866211 0.588542 0.867188 0.58724 0.87207 0.58724 0.873047 0.585938 0.87793 0.585938 0.878906 0.584635 0.881836 0.584635 0.882812 0.583333 0.884766 0.583333 0.885742 0.582031 0.888672 0.582031 0.889648 0.580729 0.890625 0.580729 0.891602 0.579427 0.893555 0.579427 0.894531 0.578125 0.896484 0.578125 0.897461 0.576823 0.898438 0.576823 0.899414 0.575521 0.900391 0.575521 0.901367 0.574219 0.902344 0.574219 0.90332 0.572917 0.904297 0.572917 0.905273 0.571615 0.905273 0.567708 0.901367 0.5625 0.900391 0.5625 0.899414 0.561198 0.898438 0.561198 0.897461 0.559896 0.896484 0.559896 0.895508 0.558594 0.894531 0.558594 0.893555 0.557292 0.891602 0.557292 0.890625 0.55599 0.889648 0.55599 0.888672 0.554688 0.887695 0.554688 0.886719 0.553385 0.884766 0.553385 0.883789 0.552083 0.882812 0.552083 0.881836 0.550781 0.879883 0.550781 0.878906 0.549479 0.876953 0.549479 0.875977 0.548177 0.874023 0.548177 0.873047 0.546875 0.871094 0.546875 0.870117 0.545573 0.868164 0.545573 0.867188 0.544271 0.866211 0.544271 0.865234 0.542969 0.861328 0.542969 0.860352 0.541667 0.854492 0.541667 0.853516 0.540365 0.851562 0.540365 0.850586 0.539062 0.845703 0.539062 0.844727 0.53776 0.84375 0.53776 0.842773 0.536458 0.842773 0.535156 0.841797 0.533854 0.841797 0.532552 0.84082 0.53125
0 0.804688 0.472656 0.804688 0.522135 0.805664 0.523438 0.806641 0.523438 0.807617 0.52474 0.8125 0.52474 0.813477 0.526042 0.814453 0.526042 0.81543 0.52474 0.816406 0.52474 0.817383 0.526042 0.818359 0.526042 0.819336 0.527344 0.820312 0.527344 0.822266 0.529948 0.822266 0.532552 0.823242 0.533854 0.823242 0.539062 0.822266 0.540365 0.822266 0.544271 0.821289 0.545573 0.821289 0.546875 0.820312 0.548177 0.820312 0.549479 0.819336 0.550781 0.819336 0.552083 0.816406 0.55599 0.816406 0.557292 0.8125 0.5625 0.8125 0.563802 0.811523 0.565104 0.811523 0.566406 0.80957 0.56901 0.80957 0.570312 0.807617 0.572917 0.807617 0.574219 0.806641 0.575521 0.806641 0.578125 0.805664 0.579427 0.805664 0.580729 0.804688 0.582031 0.804688 0.589844 0.81543 0.604167 0.817383 0.604167 0.818359 0.605469 0.818359 0.606771 0.819336 0.608073 0.84668 0.608073 0.849609 0.604167 0.849609 0.602865 0.850586 0.601562 0.850586 0.60026 0.851562 0.598958 0.851562 0.596354 0.853516 0.59375 0.854492 0.59375 0.856445 0.591146 0.859375 0.591146 0.860352 0.589844 0.864258 0.589844 0.865234 0.588542 0.866211 0.588542 0.867188 0.58724 0.87207 0.58724 0.873047 0.585938 0.87793 0.585938 0.878906 0.584635 0.881836 0.584635 0.882812 0.583333 0.884766 0.583333 0.885742 0.582031 0.888672 0.582031 0.889648 0.580729 0.890625 0.580729 0.891602 0.579427 0.893555 0.579427 0.894531 0.578125 0.896484 0.578125 0.897461 0.576823 0.898438 0.576823 0.899414 0.575521 0.900391 0.575521 0.901367 0.574219 0.902344 0.574219 0.90332 0.572917 0.904297 0.572917 0.905273 0.571615 0.905273 0.567708 0.902344 0.563802 0.901367 0.563802 0.900391 0.5625 0.899414 0.5625 0.897461 0.559896 0.895508 0.559896 0.894531 0.558594 0.893555 0.558594 0.892578 0.557292 0.890625 0.557292 0.889648 0.55599 0.888672 0.55599 0.887695 0.554688 0.885742 0.554688 0.884766 0.553385 0.883789 0.553385 0.882812 0.552083 0.881836 0.552083 0.880859 0.550781 0.878906 0.550781 0.87793 0.549479 0.875977 0.549479 0.875 0.548177 0.874023 0.548177 0.873047 0.546875 0.870117 0.546875 0.869141 0.545573 0.867188 0.545573 0.866211 0.544271 0.865234 0.544271 0.864258 0.542969 0.859375 0.542969 0.858398 0.541667 0.852539 0.541667 0.851562 0.540365 0.850586 0.540365 0.849609 0.539062 0.844727 0.539062 0.842773 0.536458 0.842773 0.535156 0.841797 0.533854 0.841797 0.532552 0.838867 0.528646 0.838867 0.527344 0.829102 0.514323 0.829102 0.513021 0.826172 0.509115 0.826172 0.507812 0.825195 0.50651 0.825195 0.505208 0.824219 0.503906 0.824219 0.502604 0.823242 0.501302 0.823242 0.5 0.822266 0.498698 0.822266 0.497396 0.821289 0.496094 0.821289 0.49349 0.820312 0.492188 0.820312 0.490885 0.819336 0.489583 0.819336 0.488281 0.818359 0.486979 0.818359 0.485677 0.817383 0.484375 0.817383 0.483073 0.81543 0.480469 0.81543 0.479167 0.811523 0.473958 0.811523 0.472656
0 0.824219 0.53125 0.824219 0.535156 0.823242 0.536458 0.823242 0.542969 0.822266 0.544271 0.822266 0.545573 0.821289 0.546875 0.821289 0.548177 0.819336 0.550781 0.819336 0.552083 0.816406 0.55599 0.816406 0.557292 0.8125 0.5625 0.8125 0.563802 0.810547 0.566406 0.810547 0.567708 0.807617 0.571615 0.807617 0.572917 0.806641 0.574219 0.806641 0.576823 0.805664 0.578125 0.805664 0.591146 0.814453 0.602865 0.81543 0.602865 0.816406 0.604167 0.818359 0.604167 0.821289 0.608073 0.845703 0.608073 0.84668 0.606771 0.847656 0.606771 0.849609 0.604167 0.849609 0.602865 0.850586 0.601562 0.850586 0.597656 0.854492 0.592448 0.855469 0.592448 0.856445 0.591146 0.859375 0.591146 0.860352 0.589844 0.864258 0.589844 0.865234 0.588542 0.866211 0.588542 0.867188 0.58724 0.87207 0.58724 0.873047 0.585938 0.87793 0.585938 0.878906 0.584635 0.881836 0.584635 0.882812 0.583333 0.884766 0.583333 0.885742 0.582031 0.888672 0.582031 0.889648 0.580729 0.890625 0.580729 0.891602 0.579427 0.893555 0.579427 0.894531 0.578125 0.896484 0.578125 0.897461 0.576823 0.898438 0.576823 0.899414 0.575521 0.900391 0.575521 0.901367 0.574219 0.902344 0.574219 0.90332 0.572917 0.904297 0.572917 0.905273 0.571615 0.905273 0.567708 0.901367 0.5625 0.900391 0.5625 0.899414 0.561198 0.898438 0.561198 0.897461 0.559896 0.896484 0.559896 0.895508 0.558594 0.894531 0.558594 0.893555 0.557292 0.891602 0.557292 0.890625 0.55599 0.889648 0.55599 0.888672 0.554688 0.887695 0.554688 0.886719 0.553385 0.884766 0.553385 0.883789 0.552083 0.882812 0.552083 0.881836 0.550781 0.879883 0.550781 0.878906 0.549479 0.876953 0.549479 0.875977 0.548177 0.874023 0.548177 0.873047 0.546875 0.871094 0.546875 0.870117 0.545573 0.868164 0.545573 0.867188 0.544271 0.866211 0.544271 0.865234 0.542969 0.861328 0.542969 0.860352 0.541667 0.854492 0.541667 0.853516 0.540365 0.851562 0.540365 0.850586 0.539062 0.845703 0.539062 0.844727 0.53776 0.84375 0.53776 0.842773 0.536458 0.842773 0.535156 0.841797 0.533854 0.841797 0.532552 0.84082 0.53125
